,Susceptibles,Total infectados,Graves,Críticos,Leves,Recuperados,Rt,Recuento_zonas,0-9,10-19,20-39,40-59,>60,En_cuarentena,Restringido_movilidad,Vivos,Día,Contactos_prom_trabajo,Contactos_prom_transporte,Contactos_prom_casa,Contactos_prom_trabajo_conm,Contactos_prom_transporte_conm,Contactos_prom_casa_conm,Nuevos_infectados,Detectados,En_testing,En_cama,En_UCI,Detectados_por_intervencion,#Intervenidos,porcentaje_edad_activa_por_zona,porcentaje_edad_activa,tasa_letalidad_por_zona,tasa_letalidad,total_muertos,total_muertos_por_zona,total_muertos_edad_activa,total_muertos_edad_activa_por_zona,zonas intervenidas
0,44374,32,0,0,32,0,0.0,"{'Historica y del caribe norte': [12207, 0, 0, 13, 0, 0, 0, 0, 0, 0, 0, 0, 0, 0, 0], 'Industrial de la bahia': [16505, 0, 0, 12, 0, 0, 0, 0, 0, 0, 0, 0, 0, 0, 0], 'De la virgen y turistica': [15662, 0, 0, 7, 0, 0, 0, 0, 0, 0, 0, 0, 0, 0, 0]}","[7083, 0, 0, 5, 0, 0, 0, 0, 0, 0, 0, 0, 0, 0, 0]","[7266, 0, 0, 6, 0, 0, 0, 0, 0, 0, 0, 0, 0, 0, 0]","[14653, 0, 0, 10, 0, 0, 0, 0, 0, 0, 0, 0, 0, 0, 0]","[10038, 0, 0, 7, 0, 0, 0, 0, 0, 0, 0, 0, 0, 0, 0]","[5334, 0, 0, 4, 0, 0, 0, 0, 0, 0, 0, 0, 0, 0, 0]","[0, 0, 0, 0, 0]","[0, 0, 0, 0, 0]",44406,0,0.0,0.0,0.0,0.0,0.0,0.0,0,0,0,0,0,0,0,"{'Historica y del caribe norte': 0.0, 'De la virgen y turistica': 0.0, 'Industrial de la bahia': 0.0}",0.0,"{'Historica y del caribe norte': 0, 'De la virgen y turistica': 0, 'Industrial de la bahia': 0}",0.0,0,"{'Historica y del caribe norte': 1, 'De la virgen y turistica': 4, 'Industrial de la bahia': 1}",0,"{'Historica y del caribe norte': 1, 'De la virgen y turistica': 2, 'Industrial de la bahia': 1}",{}
1,44347,59,0,0,59,0,0.4576271186440678,"{'Historica y del caribe norte': [12201, 0, 0, 19, 4, 0, 0, 0, 0, 0, 0, 0, 0, 0, 0], 'Industrial de la bahia': [16494, 0, 0, 23, 4, 0, 0, 0, 0, 0, 0, 0, 0, 0, 0], 'De la virgen y turistica': [15652, 0, 0, 17, 5, 0, 0, 0, 0, 0, 0, 0, 0, 0, 0]}","[7077, 0, 0, 11, 4, 0, 0, 0, 0, 0, 0, 0, 0, 0, 0]","[7261, 0, 0, 11, 2, 0, 0, 0, 0, 0, 0, 0, 0, 0, 0]","[14645, 0, 0, 18, 2, 0, 0, 0, 0, 0, 0, 0, 0, 0, 0]","[10034, 0, 0, 11, 4, 0, 0, 0, 0, 0, 0, 0, 0, 0, 0]","[5330, 0, 0, 8, 1, 0, 0, 0, 0, 0, 0, 0, 0, 0, 0]","[0, 0, 0, 0, 0]","[12286, 7, 0, 0, 0]",44406,1,7.581678151601135,5.171012926181147,2.5621988019636985,10.483978451094572,7.150499797589761,3.5430199607635537,13,0,0,0,0,0,0,"{'Historica y del caribe norte': 0.0, 'De la virgen y turistica': 0.0, 'Industrial de la bahia': 0.0}",0.0,"{'Historica y del caribe norte': 0, 'De la virgen y turistica': 0, 'Industrial de la bahia': 0}",0.0,0,"{'Historica y del caribe norte': 1, 'De la virgen y turistica': 4, 'Industrial de la bahia': 1}",0,"{'Historica y del caribe norte': 1, 'De la virgen y turistica': 2, 'Industrial de la bahia': 1}",{}
2,44327,79,0,0,79,0,0.5949367088607594,"{'Historica y del caribe norte': [12197, 0, 0, 23, 5, 0, 0, 0, 0, 0, 0, 0, 0, 0, 0], 'Industrial de la bahia': [16487, 0, 0, 30, 9, 0, 0, 0, 0, 0, 0, 0, 0, 0, 0], 'De la virgen y turistica': [15643, 0, 0, 26, 7, 0, 0, 0, 0, 0, 0, 0, 0, 0, 0]}","[7073, 0, 0, 15, 4, 0, 0, 0, 0, 0, 0, 0, 0, 0, 0]","[7257, 0, 0, 15, 4, 0, 0, 0, 0, 0, 0, 0, 0, 0, 0]","[14637, 0, 0, 26, 9, 0, 0, 0, 0, 0, 0, 0, 0, 0, 0]","[10033, 0, 0, 12, 0, 0, 0, 0, 0, 0, 0, 0, 0, 0, 0]","[5327, 0, 0, 11, 4, 0, 0, 0, 0, 0, 0, 0, 0, 0, 0]","[0, 0, 0, 0, 0]","[9177, 15, 0, 0, 0]",44406,2,9.111876773409,6.224564248074585,3.0012610908435797,11.490373147043789,7.849378088260351,3.7846879082183222,21,0,0,0,0,0,0,"{'Historica y del caribe norte': 0.0, 'De la virgen y turistica': 0.0, 'Industrial de la bahia': 0.0}",0.0,"{'Historica y del caribe norte': 0, 'De la virgen y turistica': 0, 'Industrial de la bahia': 0}",0.0,0,"{'Historica y del caribe norte': 1, 'De la virgen y turistica': 4, 'Industrial de la bahia': 1}",0,"{'Historica y del caribe norte': 1, 'De la virgen y turistica': 2, 'Industrial de la bahia': 1}",{}
3,44301,105,0,0,105,0,0.6952380952380952,"{'Historica y del caribe norte': [12187, 0, 0, 33, 4, 0, 0, 0, 0, 0, 0, 0, 0, 0, 0], 'Industrial de la bahia': [16480, 0, 0, 37, 8, 0, 0, 0, 0, 0, 0, 0, 0, 0, 0], 'De la virgen y turistica': [15634, 0, 0, 35, 13, 0, 0, 0, 0, 0, 0, 0, 0, 0, 0]}","[7068, 0, 0, 20, 5, 0, 0, 0, 0, 0, 0, 0, 0, 0, 0]","[7253, 0, 0, 19, 4, 0, 0, 0, 0, 0, 0, 0, 0, 0, 0]","[14633, 0, 0, 30, 6, 0, 0, 0, 0, 0, 0, 0, 0, 0, 0]","[10026, 0, 0, 19, 7, 0, 0, 0, 0, 0, 0, 0, 0, 0, 0]","[5321, 0, 0, 17, 3, 0, 0, 0, 0, 0, 0, 0, 0, 0, 0]","[0, 0, 0, 0, 0]","[9397, 18, 0, 0, 0]",44406,3,9.044926361302526,6.167364770526506,2.974057559789218,11.478637363893572,7.826812608956589,3.7742848160955673,25,0,0,0,0,0,0,"{'Historica y del caribe norte': 0.0, 'De la virgen y turistica': 0.0, 'Industrial de la bahia': 0.0}",0.0,"{'Historica y del caribe norte': 0, 'De la virgen y turistica': 0, 'Industrial de la bahia': 0}",0.0,0,"{'Historica y del caribe norte': 1, 'De la virgen y turistica': 4, 'Industrial de la bahia': 1}",0,"{'Historica y del caribe norte': 1, 'De la virgen y turistica': 2, 'Industrial de la bahia': 1}",{}
4,44267,139,0,0,139,0,0.7697841726618705,"{'Historica y del caribe norte': [12173, 0, 0, 47, 12, 0, 0, 0, 0, 0, 0, 0, 0, 0, 0], 'Industrial de la bahia': [16471, 0, 0, 46, 9, 0, 0, 0, 0, 0, 0, 0, 0, 0, 0], 'De la virgen y turistica': [15623, 0, 0, 46, 5, 0, 0, 0, 0, 0, 0, 0, 0, 0, 0]}","[7064, 0, 0, 24, 3, 0, 0, 0, 0, 0, 0, 0, 0, 0, 0]","[7248, 0, 0, 24, 6, 0, 0, 0, 0, 0, 0, 0, 0, 0, 0]","[14618, 0, 0, 45, 6, 0, 0, 0, 0, 0, 0, 0, 0, 0, 0]","[10022, 0, 0, 23, 3, 0, 0, 0, 0, 0, 0, 0, 0, 0, 0]","[5315, 0, 0, 23, 8, 0, 0, 0, 0, 0, 0, 0, 0, 0, 0]","[0, 0, 0, 0, 0]","[9310, 25, 0, 0, 0]",44406,4,9.025717245417287,6.179525289375309,2.9783587803449985,11.428131504661971,7.824356305779704,3.771121439365858,26,0,0,0,0,0,0,"{'Historica y del caribe norte': 0.0, 'De la virgen y turistica': 0.0, 'Industrial de la bahia': 0.0}",0.0,"{'Historica y del caribe norte': 0, 'De la virgen y turistica': 0, 'Industrial de la bahia': 0}",0.0,0,"{'Historica y del caribe norte': 1, 'De la virgen y turistica': 4, 'Industrial de la bahia': 1}",0,"{'Historica y del caribe norte': 1, 'De la virgen y turistica': 2, 'Industrial de la bahia': 1}",{}
5,44237,169,0,0,169,0,0.8106508875739645,"{'Historica y del caribe norte': [12167, 0, 0, 53, 12, 0, 0, 0, 0, 0, 0, 0, 0, 0, 0], 'Industrial de la bahia': [16460, 0, 0, 57, 13, 0, 0, 0, 0, 0, 0, 0, 0, 0, 0], 'De la virgen y turistica': [15610, 0, 0, 59, 17, 0, 0, 0, 0, 0, 0, 0, 0, 0, 0]}","[7063, 0, 0, 25, 3, 0, 0, 0, 0, 0, 0, 0, 0, 0, 0]","[7244, 0, 0, 28, 5, 0, 0, 0, 0, 0, 0, 0, 0, 0, 0]","[14604, 0, 0, 59, 21, 0, 0, 0, 0, 0, 0, 0, 0, 0, 0]","[10013, 0, 0, 32, 9, 0, 0, 0, 0, 0, 0, 0, 0, 0, 0]","[5313, 0, 0, 25, 4, 0, 0, 0, 0, 0, 0, 0, 0, 0, 0]","[0, 0, 0, 0, 0]","[9859, 32, 0, 0, 0]",44406,5,8.793383776967076,5.938409223978741,2.8831464216547316,11.313313052296103,7.640185426626105,3.7093727364913804,42,0,0,0,0,0,0,"{'Historica y del caribe norte': 0.0, 'De la virgen y turistica': 0.0, 'Industrial de la bahia': 0.0}",0.0,"{'Historica y del caribe norte': 0, 'De la virgen y turistica': 0, 'Industrial de la bahia': 0}",0.0,0,"{'Historica y del caribe norte': 1, 'De la virgen y turistica': 4, 'Industrial de la bahia': 1}",0,"{'Historica y del caribe norte': 1, 'De la virgen y turistica': 2, 'Industrial de la bahia': 1}",{}
6,44198,205,0,0,205,3,0.7560975609756098,"{'Historica y del caribe norte': [12158, 0, 0, 62, 7, 0, 0, 0, 0, 0, 0, 0, 0, 0, 0], 'Industrial de la bahia': [16446, 0, 0, 69, 9, 0, 0, 0, 0, 0, 0, 0, 2, 0, 0], 'De la virgen y turistica': [15594, 0, 0, 74, 15, 0, 0, 0, 0, 0, 0, 0, 1, 0, 0]}","[7052, 0, 0, 36, 9, 0, 0, 0, 0, 0, 0, 0, 0, 0, 0]","[7239, 0, 0, 32, 3, 0, 0, 0, 0, 0, 0, 0, 1, 0, 0]","[14595, 0, 0, 68, 9, 0, 0, 0, 0, 0, 0, 0, 0, 0, 0]","[10003, 0, 0, 40, 7, 0, 0, 0, 0, 0, 0, 0, 2, 0, 0]","[5309, 0, 0, 29, 3, 0, 0, 0, 0, 0, 0, 0, 0, 0, 0]","[0, 0, 0, 0, 0]","[9911, 37, 0, 0, 0]",44406,6,8.738008377246318,5.951222807728685,2.8912534342206007,11.260665157583144,7.669336583667073,3.725956236577863,31,0,0,0,0,0,0,"{'Historica y del caribe norte': 0.0, 'De la virgen y turistica': 0.0, 'Industrial de la bahia': 0.0}",0.0,"{'Historica y del caribe norte': 0, 'De la virgen y turistica': 0, 'Industrial de la bahia': 0}",0.0,0,"{'Historica y del caribe norte': 1, 'De la virgen y turistica': 4, 'Industrial de la bahia': 1}",0,"{'Historica y del caribe norte': 1, 'De la virgen y turistica': 2, 'Industrial de la bahia': 1}",{}
7,44148,247,2,0,245,11,0.7004048582995951,"{'Historica y del caribe norte': [12153, 0, 0, 63, 9, 0, 2, 0, 0, 0, 0, 0, 2, 0, 0], 'Industrial de la bahia': [16426, 0, 0, 84, 17, 0, 0, 0, 0, 0, 0, 0, 7, 0, 0], 'De la virgen y turistica': [15569, 0, 0, 98, 22, 0, 0, 0, 0, 0, 0, 0, 2, 0, 0]}","[7043, 0, 0, 45, 8, 0, 0, 0, 0, 0, 0, 0, 0, 0, 0]","[7229, 0, 0, 39, 10, 0, 0, 0, 0, 0, 0, 0, 4, 0, 0]","[14581, 0, 0, 78, 14, 0, 0, 0, 0, 0, 0, 0, 4, 0, 0]","[9989, 0, 0, 52, 12, 0, 2, 0, 0, 0, 0, 0, 2, 0, 0]","[5306, 0, 0, 31, 4, 0, 0, 0, 0, 0, 0, 0, 1, 0, 0]","[0, 0, 0, 0, 0]","[11003, 52, 1, 0, 3]",44406,7,8.221366482006935,5.579178489393326,2.729698689366302,10.947851380933818,7.429423936186164,3.63495966653672,48,0,2,2,0,0,0,"{'Historica y del caribe norte': 0.0, 'De la virgen y turistica': 0.0, 'Industrial de la bahia': 0.0}",0.0,"{'Historica y del caribe norte': 0, 'De la virgen y turistica': 0, 'Industrial de la bahia': 0}",0.0,0,"{'Historica y del caribe norte': 1, 'De la virgen y turistica': 4, 'Industrial de la bahia': 1}",0,"{'Historica y del caribe norte': 1, 'De la virgen y turistica': 2, 'Industrial de la bahia': 1}",{}
8,44099,290,2,0,288,17,0.6689655172413793,"{'Historica y del caribe norte': [12146, 0, 0, 66, 7, 0, 2, 0, 0, 0, 0, 0, 6, 0, 0], 'Industrial de la bahia': [16407, 0, 0, 102, 15, 0, 0, 0, 0, 0, 0, 0, 8, 0, 0], 'De la virgen y turistica': [15546, 0, 0, 120, 18, 0, 0, 0, 0, 0, 0, 0, 3, 0, 0]}","[7036, 0, 0, 49, 10, 0, 0, 0, 0, 0, 0, 0, 3, 0, 0]","[7217, 0, 0, 51, 9, 0, 0, 0, 0, 0, 0, 0, 4, 0, 0]","[14565, 0, 0, 93, 10, 0, 0, 0, 0, 0, 0, 0, 5, 0, 0]","[9981, 0, 0, 58, 10, 0, 2, 0, 0, 0, 0, 0, 4, 0, 0]","[5300, 0, 0, 37, 1, 0, 0, 0, 0, 0, 0, 0, 1, 0, 0]","[0, 0, 0, 0, 0]","[13989, 79, 1, 0, 4]",44406,8,6.787641309732919,4.637841733099131,2.3419357744448948,9.936768535917977,6.789569116144134,3.4284772360135825,40,0,2,2,0,0,0,"{'Historica y del caribe norte': 0.0, 'De la virgen y turistica': 0.0, 'Industrial de la bahia': 0.0}",0.0,"{'Historica y del caribe norte': 0, 'De la virgen y turistica': 0, 'Industrial de la bahia': 0}",0.0,0,"{'Historica y del caribe norte': 1, 'De la virgen y turistica': 4, 'Industrial de la bahia': 1}",0,"{'Historica y del caribe norte': 1, 'De la virgen y turistica': 2, 'Industrial de la bahia': 1}",{}
9,44021,361,3,0,358,24,0.5678670360110804,"{'Historica y del caribe norte': [12133, 0, 0, 77, 6, 0, 2, 0, 0, 0, 0, 0, 8, 0, 0], 'Industrial de la bahia': [16379, 0, 0, 126, 25, 0, 1, 0, 0, 0, 0, 0, 11, 0, 0], 'De la virgen y turistica': [15509, 0, 0, 155, 33, 0, 0, 0, 0, 0, 0, 0, 5, 0, 0]}","[7022, 0, 0, 62, 4, 0, 0, 0, 0, 0, 0, 0, 4, 0, 0]","[7205, 0, 0, 62, 11, 0, 0, 0, 0, 0, 0, 0, 5, 0, 0]","[14539, 0, 0, 116, 29, 0, 0, 0, 0, 0, 0, 0, 8, 0, 0]","[9962, 0, 0, 76, 13, 0, 2, 0, 0, 0, 0, 0, 5, 0, 0]","[5293, 0, 0, 42, 7, 0, 1, 0, 0, 0, 0, 0, 2, 0, 0]","[0, 0, 0, 0, 0]","[12787, 79, 1, 0, 3]",44406,9,7.287731387650317,5.001531324595775,2.5081070125658695,10.261891171993911,7.042681380010147,3.531678082191781,64,0,3,3,0,0,0,"{'Historica y del caribe norte': 0.0, 'De la virgen y turistica': 0.0, 'Industrial de la bahia': 0.0}",0.0,"{'Historica y del caribe norte': 0, 'De la virgen y turistica': 0, 'Industrial de la bahia': 0}",0.0,0,"{'Historica y del caribe norte': 1, 'De la virgen y turistica': 4, 'Industrial de la bahia': 1}",0,"{'Historica y del caribe norte': 1, 'De la virgen y turistica': 2, 'Industrial de la bahia': 1}",{}
10,43939,438,3,0,435,29,0.5776255707762558,"{'Historica y del caribe norte': [12121, 0, 0, 86, 15, 0, 2, 0, 0, 0, 0, 0, 11, 0, 0], 'Industrial de la bahia': [16345, 0, 0, 160, 32, 0, 1, 0, 0, 0, 0, 0, 11, 0, 0], 'De la virgen y turistica': [15473, 0, 0, 189, 36, 0, 0, 0, 0, 0, 0, 0, 7, 0, 0]}","[7004, 0, 0, 79, 18, 0, 0, 0, 0, 0, 0, 0, 5, 0, 0]","[7191, 0, 0, 75, 14, 0, 0, 0, 0, 0, 0, 0, 6, 0, 0]","[14510, 0, 0, 143, 26, 0, 0, 0, 0, 0, 0, 0, 10, 0, 0]","[9952, 0, 0, 86, 15, 0, 2, 0, 0, 0, 0, 0, 5, 0, 0]","[5282, 0, 0, 52, 10, 0, 1, 0, 0, 0, 0, 0, 3, 0, 0]","[0, 0, 0, 0, 0]","[15226, 120, 1, 0, 11]",44406,10,6.255393415304238,4.271247128766383,2.1901094446696394,9.562689341779125,6.529502891765354,3.3480446158083175,83,0,3,3,0,0,0,"{'Historica y del caribe norte': 0.0, 'De la virgen y turistica': 0.0, 'Industrial de la bahia': 0.0}",0.0,"{'Historica y del caribe norte': 0, 'De la virgen y turistica': 0, 'Industrial de la bahia': 0}",0.0,0,"{'Historica y del caribe norte': 1, 'De la virgen y turistica': 4, 'Industrial de la bahia': 1}",0,"{'Historica y del caribe norte': 1, 'De la virgen y turistica': 2, 'Industrial de la bahia': 1}",{}
11,43826,551,3,0,548,29,0.6642468239564429,"{'Historica y del caribe norte': [12100, 0, 0, 107, 16, 0, 2, 0, 2, 0, 0, 0, 11, 0, 0], 'Industrial de la bahia': [16300, 0, 0, 205, 45, 0, 1, 0, 0, 0, 0, 0, 11, 0, 0], 'De la virgen y turistica': [15426, 0, 0, 236, 43, 0, 0, 0, 0, 0, 0, 0, 7, 0, 0]}","[6988, 0, 0, 95, 21, 0, 0, 0, 0, 0, 0, 0, 5, 0, 0]","[7169, 0, 0, 97, 19, 0, 0, 0, 0, 0, 0, 0, 6, 0, 0]","[14469, 0, 0, 184, 34, 0, 0, 0, 0, 0, 0, 0, 10, 0, 0]","[9928, 0, 0, 110, 17, 0, 2, 0, 2, 0, 0, 0, 5, 0, 0]","[5272, 0, 0, 62, 13, 0, 1, 0, 0, 0, 0, 0, 3, 0, 0]","[0, 0, 2, 0, 0]","[17451, 163, 1, 0, 9]",44406,11,5.296446426158627,3.6418276809440164,1.9213394586317165,8.782121653411,6.03857212202681,3.185803368059445,104,2,1,3,0,0,0,"{'Historica y del caribe norte': 0.00016366612111292964, 'De la virgen y turistica': 0.0, 'Industrial de la bahia': 0.0}",4.503895869927487e-05,"{'Historica y del caribe norte': 0.0, 'De la virgen y turistica': 0, 'Industrial de la bahia': 0}",0.0,0,"{'Historica y del caribe norte': 1, 'De la virgen y turistica': 4, 'Industrial de la bahia': 1}",0,"{'Historica y del caribe norte': 1, 'De la virgen y turistica': 2, 'Industrial de la bahia': 1}",{}
12,43749,628,3,0,625,29,0.7054140127388535,"{'Historica y del caribe norte': [12087, 0, 0, 120, 20, 0, 2, 0, 2, 0, 0, 0, 11, 0, 0], 'Industrial de la bahia': [16275, 0, 0, 230, 32, 0, 1, 0, 0, 0, 0, 0, 11, 0, 0], 'De la virgen y turistica': [15387, 0, 0, 275, 42, 0, 0, 0, 0, 0, 0, 0, 7, 0, 0]}","[6977, 0, 0, 106, 12, 0, 0, 0, 0, 0, 0, 0, 5, 0, 0]","[7162, 0, 0, 104, 13, 0, 0, 0, 0, 0, 0, 0, 6, 0, 0]","[14437, 0, 0, 216, 37, 0, 0, 0, 0, 0, 0, 0, 10, 0, 0]","[9913, 0, 0, 125, 23, 0, 2, 0, 2, 0, 0, 0, 5, 0, 0]","[5260, 0, 0, 74, 9, 0, 1, 0, 0, 0, 0, 0, 3, 0, 0]","[0, 0, 0, 0, 0]","[18393, 240, 0, 0, 12]",44406,12,4.900531459712651,3.3690267081025085,1.793541413322524,8.447381701020923,5.807422072124529,3.0916501688599043,94,2,1,3,0,0,0,"{'Historica y del caribe norte': 0.00016366612111292964, 'De la virgen y turistica': 0.0, 'Industrial de la bahia': 0.0}",4.503895869927487e-05,"{'Historica y del caribe norte': 0.0, 'De la virgen y turistica': 0, 'Industrial de la bahia': 0}",0.0,0,"{'Historica y del caribe norte': 1, 'De la virgen y turistica': 4, 'Industrial de la bahia': 1}",0,"{'Historica y del caribe norte': 1, 'De la virgen y turistica': 2, 'Industrial de la bahia': 1}",{}
13,43646,731,3,0,728,29,0.746922024623803,"{'Historica y del caribe norte': [12080, 0, 0, 127, 7, 0, 2, 0, 2, 0, 0, 0, 11, 0, 0], 'Industrial de la bahia': [16235, 0, 0, 270, 31, 0, 1, 0, 1, 0, 0, 0, 11, 0, 0], 'De la virgen y turistica': [15331, 0, 0, 331, 41, 0, 0, 0, 0, 0, 0, 0, 7, 0, 0]}","[6960, 0, 0, 123, 13, 0, 0, 0, 0, 0, 0, 0, 5, 0, 0]","[7148, 0, 0, 118, 9, 0, 0, 0, 0, 0, 0, 0, 6, 0, 0]","[14392, 0, 0, 261, 32, 0, 0, 0, 0, 0, 0, 0, 10, 0, 0]","[9896, 0, 0, 142, 13, 0, 2, 0, 2, 0, 0, 0, 5, 0, 0]","[5250, 0, 0, 84, 12, 0, 1, 0, 1, 0, 0, 0, 3, 0, 0]","[0, 0, 1, 0, 0]","[18217, 255, 1, 0, 15]",44406,13,5.0131063369814886,3.419830653515291,1.8213754897986758,8.589088664248784,5.859286982020218,3.120611158268385,79,3,0,3,0,0,0,"{'Historica y del caribe norte': 0.00016366612111292964, 'De la virgen y turistica': 0.0, 'Industrial de la bahia': 0.0}",4.503895869927487e-05,"{'Historica y del caribe norte': 0.0, 'De la virgen y turistica': 0, 'Industrial de la bahia': 0.0}",0.0,0,"{'Historica y del caribe norte': 1, 'De la virgen y turistica': 4, 'Industrial de la bahia': 1}",0,"{'Historica y del caribe norte': 1, 'De la virgen y turistica': 2, 'Industrial de la bahia': 1}",{}
14,43593,784,2,1,781,29,0.764030612244898,"{'Historica y del caribe norte': [12073, 0, 0, 134, 8, 0, 2, 0, 2, 0, 0, 0, 11, 0, 0], 'Industrial de la bahia': [16227, 0, 0, 278, 24, 0, 0, 0, 0, 1, 0, 1, 11, 0, 0], 'De la virgen y turistica': [15293, 0, 0, 369, 49, 0, 0, 0, 0, 0, 0, 0, 7, 0, 0]}","[6951, 0, 0, 132, 11, 0, 0, 0, 0, 0, 0, 0, 5, 0, 0]","[7141, 0, 0, 125, 14, 0, 0, 0, 0, 0, 0, 0, 6, 0, 0]","[14374, 0, 0, 279, 34, 0, 0, 0, 0, 0, 0, 0, 10, 0, 0]","[9885, 0, 0, 153, 15, 0, 2, 0, 2, 0, 0, 0, 5, 0, 0]","[5242, 0, 0, 92, 7, 0, 0, 0, 0, 1, 0, 1, 3, 0, 0]","[0, 0, 0, 0, 0]","[28980, 499, 2, 1, 23]",44406,14,1.6994325091203892,1.1510381479980183,0.8003648155654641,5.064425206361989,3.4301724716461983,2.3851419367827664,81,3,0,3,0,0,0,"{'Historica y del caribe norte': 0.00016366612111292964, 'De la virgen y turistica': 0.0, 'Industrial de la bahia': 0.0}",4.503895869927487e-05,"{'Historica y del caribe norte': 0.0, 'De la virgen y turistica': 0, 'Industrial de la bahia': 0.0}",0.0,0,"{'Historica y del caribe norte': 1, 'De la virgen y turistica': 4, 'Industrial de la bahia': 1}",0,"{'Historica y del caribe norte': 1, 'De la virgen y turistica': 2, 'Industrial de la bahia': 1}",{}
15,43532,832,2,1,829,42,0.6995192307692307,"{'Historica y del caribe norte': [12067, 0, 0, 136, 4, 0, 2, 0, 2, 0, 0, 0, 15, 0, 0], 'Industrial de la bahia': [16216, 0, 0, 285, 12, 0, 0, 0, 0, 1, 0, 1, 15, 0, 0], 'De la virgen y turistica': [15249, 0, 0, 408, 44, 0, 0, 0, 0, 0, 0, 0, 12, 0, 0]}","[6943, 0, 0, 136, 11, 0, 0, 0, 0, 0, 0, 0, 9, 0, 0]","[7129, 0, 0, 135, 7, 0, 0, 0, 0, 0, 0, 0, 8, 0, 0]","[14350, 0, 0, 301, 22, 0, 0, 0, 0, 0, 0, 0, 12, 0, 0]","[9875, 0, 0, 159, 9, 0, 2, 0, 2, 0, 0, 0, 9, 0, 0]","[5235, 0, 0, 98, 11, 0, 0, 0, 0, 1, 0, 1, 4, 0, 0]","[0, 0, 0, 0, 0]","[30381, 517, 2, 1, 26]",44406,15,1.3992928883484215,0.9542404179615367,0.6909651848849254,4.609911714518881,3.1437050226277914,2.2763558127457526,60,3,0,0,1,0,0,"{'Historica y del caribe norte': 0.00016366612111292964, 'De la virgen y turistica': 0.0, 'Industrial de la bahia': 0.0}",4.503895869927487e-05,"{'Historica y del caribe norte': 0.0, 'De la virgen y turistica': 0, 'Industrial de la bahia': 0.0}",0.0,0,"{'Historica y del caribe norte': 1, 'De la virgen y turistica': 4, 'Industrial de la bahia': 1}",0,"{'Historica y del caribe norte': 1, 'De la virgen y turistica': 2, 'Industrial de la bahia': 1}",{}
16,43455,888,3,1,884,63,0.6227477477477478,"{'Historica y del caribe norte': [12056, 0, 0, 142, 9, 0, 2, 0, 2, 0, 0, 0, 20, 0, 0], 'Industrial de la bahia': [16191, 0, 0, 301, 15, 0, 0, 0, 0, 1, 0, 1, 24, 0, 0], 'De la virgen y turistica': [15208, 0, 0, 441, 40, 0, 1, 0, 0, 0, 0, 0, 19, 0, 0]}","[6927, 0, 0, 148, 10, 0, 0, 0, 0, 0, 0, 0, 13, 0, 0]","[7112, 0, 0, 148, 16, 0, 0, 0, 0, 0, 0, 0, 12, 0, 0]","[14330, 0, 0, 312, 18, 0, 0, 0, 0, 0, 0, 0, 21, 0, 0]","[9856, 0, 0, 177, 16, 0, 3, 0, 2, 0, 0, 0, 9, 0, 0]","[5230, 0, 0, 99, 4, 0, 0, 0, 0, 1, 0, 1, 8, 0, 0]","[0, 0, 0, 0, 0]","[30165, 569, 1, 0, 45]",44406,16,1.4256857181461964,0.9607035085348826,0.7028779894608836,4.646191105239982,3.130852781447233,2.2906208718626155,64,3,1,3,1,0,0,"{'Historica y del caribe norte': 0.00016366612111292964, 'De la virgen y turistica': 0.0, 'Industrial de la bahia': 0.0}",4.503895869927487e-05,"{'Historica y del caribe norte': 0.0, 'De la virgen y turistica': 0, 'Industrial de la bahia': 0.0}",0.0,0,"{'Historica y del caribe norte': 1, 'De la virgen y turistica': 4, 'Industrial de la bahia': 1}",0,"{'Historica y del caribe norte': 1, 'De la virgen y turistica': 2, 'Industrial de la bahia': 1}",{}
17,43313,1006,3,1,1002,87,0.5675944333996024,"{'Historica y del caribe norte': [12022, 0, 0, 172, 26, 0, 2, 0, 2, 0, 0, 0, 24, 0, 0], 'Industrial de la bahia': [16148, 0, 0, 336, 36, 0, 0, 0, 0, 1, 0, 1, 32, 0, 0], 'De la virgen y turistica': [15143, 0, 0, 494, 60, 0, 1, 0, 0, 0, 0, 0, 31, 0, 0]}","[6912, 0, 0, 158, 19, 0, 0, 0, 0, 0, 0, 0, 18, 0, 0]","[7086, 0, 0, 170, 24, 0, 0, 0, 0, 0, 0, 0, 16, 0, 0]","[14276, 0, 0, 360, 40, 0, 0, 0, 0, 0, 0, 0, 27, 0, 0]","[9823, 0, 0, 204, 27, 0, 3, 0, 2, 0, 0, 0, 15, 0, 0]","[5216, 0, 0, 110, 12, 0, 0, 0, 0, 1, 0, 1, 11, 0, 0]","[0, 0, 0, 0, 0]","[23627, 470, 3, 0, 42]",44406,17,3.093838670449939,2.105165968562807,1.241183623834617,6.779757204895381,4.613205684958547,2.7198973549151204,122,3,1,3,1,0,0,"{'Historica y del caribe norte': 0.00016366612111292964, 'De la virgen y turistica': 0.0, 'Industrial de la bahia': 0.0}",4.503895869927487e-05,"{'Historica y del caribe norte': 0.0, 'De la virgen y turistica': 0, 'Industrial de la bahia': 0.0}",0.0,0,"{'Historica y del caribe norte': 1, 'De la virgen y turistica': 4, 'Industrial de la bahia': 1}",0,"{'Historica y del caribe norte': 1, 'De la virgen y turistica': 2, 'Industrial de la bahia': 1}",{}
18,43267,1026,3,1,1022,113,0.5165692007797271,"{'Historica y del caribe norte': [12018, 0, 0, 164, 17, 0, 2, 0, 2, 0, 0, 0, 36, 0, 0], 'Industrial de la bahia': [16133, 0, 0, 342, 28, 0, 0, 0, 0, 1, 0, 1, 41, 0, 0], 'De la virgen y turistica': [15116, 0, 0, 516, 41, 0, 1, 0, 0, 0, 0, 0, 36, 0, 0]}","[6912, 0, 0, 155, 6, 0, 0, 0, 0, 0, 0, 0, 21, 0, 0]","[7084, 0, 0, 166, 11, 0, 0, 0, 0, 0, 0, 0, 22, 0, 0]","[14251, 0, 0, 379, 39, 0, 0, 0, 0, 0, 0, 0, 33, 0, 0]","[9808, 0, 0, 216, 22, 0, 3, 0, 2, 0, 0, 0, 18, 0, 0]","[5212, 0, 0, 106, 8, 0, 0, 0, 0, 1, 0, 1, 19, 0, 0]","[33105, 741, 2, 1, 89]","[0, 0, 0, 0, 0]",44406,18,0.8602891501148493,0.5814979957663379,0.48529477998468673,3.649407718761941,2.4667558272831487,2.058654948414215,86,3,1,3,1,0,0,"{'Historica y del caribe norte': 0.00016366612111292964, 'De la virgen y turistica': 0.0, 'Industrial de la bahia': 0.0}",4.503895869927487e-05,"{'Historica y del caribe norte': 0.0, 'De la virgen y turistica': 0, 'Industrial de la bahia': 0.0}",0.0,0,"{'Historica y del caribe norte': 1, 'De la virgen y turistica': 4, 'Industrial de la bahia': 1}",0,"{'Historica y del caribe norte': 1, 'De la virgen y turistica': 2, 'Industrial de la bahia': 1}",{}
19,43207,1044,4,1,1039,155,0.46839080459770116,"{'Historica y del caribe norte': [12008, 0, 0, 161, 3, 0, 3, 0, 2, 0, 0, 0, 48, 0, 0], 'Industrial de la bahia': [16117, 0, 0, 345, 17, 0, 0, 0, 0, 1, 0, 1, 54, 0, 0], 'De la virgen y turistica': [15082, 0, 0, 533, 31, 0, 1, 0, 0, 0, 0, 0, 53, 0, 0]}","[6912, 0, 0, 152, 0, 0, 0, 0, 0, 0, 0, 0, 24, 0, 0]","[7083, 0, 0, 162, 1, 0, 0, 0, 0, 0, 0, 0, 27, 0, 0]","[14218, 0, 0, 391, 29, 0, 0, 0, 0, 0, 0, 0, 54, 0, 0]","[9789, 0, 0, 225, 16, 0, 4, 0, 2, 0, 0, 0, 27, 0, 0]","[5205, 0, 0, 109, 5, 0, 0, 0, 0, 1, 0, 1, 23, 0, 0]","[33027, 738, 2, 1, 124]","[0, 0, 0, 0, 0]",44406,19,0.8731702923028419,0.579628878980318,0.48049813088321397,3.6878447783907173,2.448069241011984,2.02938938558113,51,3,2,4,1,0,0,"{'Historica y del caribe norte': 0.00016366612111292964, 'De la virgen y turistica': 0.0, 'Industrial de la bahia': 0.0}",4.503895869927487e-05,"{'Historica y del caribe norte': 0.0, 'De la virgen y turistica': 0, 'Industrial de la bahia': 0.0}",0.0,0,"{'Historica y del caribe norte': 1, 'De la virgen y turistica': 4, 'Industrial de la bahia': 1}",0,"{'Historica y del caribe norte': 1, 'De la virgen y turistica': 2, 'Industrial de la bahia': 1}",{}
20,43158,1063,4,1,1058,185,0.4233301975540922,"{'Historica y del caribe norte': [11996, 0, 0, 167, 12, 0, 3, 0, 2, 0, 0, 0, 54, 0, 0], 'Industrial de la bahia': [16105, 0, 0, 348, 14, 0, 0, 0, 0, 1, 0, 1, 63, 0, 0], 'De la virgen y turistica': [15057, 0, 0, 543, 33, 0, 1, 0, 1, 0, 0, 0, 68, 0, 0]}","[6912, 0, 0, 143, 0, 0, 0, 0, 0, 0, 0, 0, 33, 0, 0]","[7080, 0, 0, 162, 3, 0, 0, 0, 0, 0, 0, 0, 30, 0, 0]","[14189, 0, 0, 411, 35, 0, 0, 0, 0, 0, 0, 0, 63, 0, 0]","[9777, 0, 0, 231, 14, 0, 4, 0, 3, 0, 0, 0, 33, 0, 0]","[5200, 0, 0, 111, 7, 0, 0, 0, 0, 1, 0, 1, 26, 0, 0]","[32890, 759, 4, 1, 133]","[0, 0, 0, 0, 0]",44406,20,0.871616448227717,0.5886366707201729,0.4960816105931631,3.6448818156135228,2.4615312176287785,2.074489123269611,59,4,1,4,1,0,0,"{'Historica y del caribe norte': 0.00016366612111292964, 'De la virgen y turistica': 6.382028208564682e-05, 'Industrial de la bahia': 0.0}",6.755843804891231e-05,"{'Historica y del caribe norte': 0.0, 'De la virgen y turistica': 0.0, 'Industrial de la bahia': 0.0}",0.0,0,"{'Historica y del caribe norte': 1, 'De la virgen y turistica': 4, 'Industrial de la bahia': 1}",0,"{'Historica y del caribe norte': 1, 'De la virgen y turistica': 2, 'Industrial de la bahia': 1}",{}
21,43097,1074,2,1,1071,235,0.37988826815642457,"{'Historica y del caribe norte': [11988, 0, 0, 166, 12, 0, 1, 0, 0, 0, 0, 0, 65, 0, 2], 'Industrial de la bahia': [16090, 0, 0, 346, 14, 0, 0, 0, 0, 1, 0, 1, 80, 0, 0], 'De la virgen y turistica': [15019, 0, 0, 559, 28, 0, 1, 0, 1, 0, 0, 0, 90, 0, 0]}","[6912, 0, 0, 135, 0, 0, 0, 0, 0, 0, 0, 0, 41, 0, 0]","[7078, 0, 0, 154, 2, 0, 0, 0, 0, 0, 0, 0, 40, 0, 0]","[14153, 0, 0, 433, 27, 0, 0, 0, 0, 0, 0, 0, 77, 0, 0]","[9756, 0, 0, 240, 22, 0, 2, 0, 1, 0, 0, 0, 47, 0, 2]","[5198, 0, 0, 109, 3, 0, 0, 0, 0, 1, 0, 1, 30, 0, 0]","[32937, 746, 2, 1, 172]","[0, 0, 0, 0, 0]",44406,21,0.8786875647435032,0.5873755798765933,0.49455028599738776,3.699184679560106,2.4727910504361015,2.082006067500948,54,4,1,4,1,0,0,"{'Historica y del caribe norte': 0.00016366612111292964, 'De la virgen y turistica': 6.382028208564682e-05, 'Industrial de la bahia': 0.0}",6.755843804891231e-05,"{'Historica y del caribe norte': 0.0, 'De la virgen y turistica': 0.0, 'Industrial de la bahia': 0.0}",0.0,0,"{'Historica y del caribe norte': 1, 'De la virgen y turistica': 4, 'Industrial de la bahia': 1}",0,"{'Historica y del caribe norte': 1, 'De la virgen y turistica': 2, 'Industrial de la bahia': 1}",{}
22,43047,1084,2,1,1081,275,0.3773062730627306,"{'Historica y del caribe norte': [11979, 0, 0, 168, 8, 0, 1, 0, 0, 0, 0, 0, 72, 0, 2], 'Industrial de la bahia': [16075, 0, 0, 346, 14, 0, 0, 0, 0, 1, 0, 1, 95, 0, 0], 'De la virgen y turistica': [14993, 0, 0, 567, 32, 0, 1, 0, 1, 0, 0, 0, 108, 0, 0]}","[6912, 0, 0, 125, 0, 0, 0, 0, 0, 0, 0, 0, 51, 0, 0]","[7077, 0, 0, 146, 2, 0, 0, 0, 0, 0, 0, 0, 49, 0, 0]","[14127, 0, 0, 449, 34, 0, 0, 0, 0, 0, 0, 0, 87, 0, 0]","[9741, 0, 0, 245, 13, 0, 2, 0, 1, 0, 0, 0, 57, 0, 2]","[5190, 0, 0, 116, 5, 0, 0, 0, 0, 1, 0, 1, 31, 0, 0]","[33867, 767, 1, 1, 222]","[0, 0, 0, 0, 0]",44406,22,0.7133495473584651,0.4862856370760708,0.41282709543755347,3.3176581483033094,2.2616254713028905,1.9199832425638876,54,4,1,4,1,0,0,"{'Historica y del caribe norte': 0.00016366612111292964, 'De la virgen y turistica': 6.382028208564682e-05, 'Industrial de la bahia': 0.0}",6.755843804891231e-05,"{'Historica y del caribe norte': 0.0, 'De la virgen y turistica': 0.0, 'Industrial de la bahia': 0.0}",0.0,0,"{'Historica y del caribe norte': 1, 'De la virgen y turistica': 4, 'Industrial de la bahia': 1}",0,"{'Historica y del caribe norte': 1, 'De la virgen y turistica': 2, 'Industrial de la bahia': 1}",{}
23,42971,1096,3,1,1092,339,0.3658759124087591,"{'Historica y del caribe norte': [11969, 0, 0, 172, 10, 0, 1, 0, 1, 0, 0, 0, 78, 0, 2], 'Industrial de la bahia': [16053, 0, 0, 343, 18, 0, 0, 0, 0, 1, 0, 1, 120, 0, 0], 'De la virgen y turistica': [14949, 0, 0, 577, 36, 0, 2, 0, 1, 0, 0, 0, 141, 0, 0]}","[6912, 0, 0, 121, 0, 0, 0, 0, 0, 0, 0, 0, 55, 0, 0]","[7073, 0, 0, 139, 2, 0, 0, 0, 0, 0, 0, 0, 60, 0, 0]","[14082, 0, 0, 465, 35, 0, 0, 0, 0, 0, 0, 0, 116, 0, 0]","[9719, 0, 0, 253, 22, 0, 3, 0, 2, 0, 0, 0, 70, 0, 2]","[5185, 0, 0, 114, 5, 0, 0, 0, 0, 1, 0, 1, 38, 0, 0]","[32821, 725, 2, 1, 260]","[0, 0, 0, 0, 0]",44406,23,0.8699950457145431,0.5893347745800117,0.48565509165428095,3.645654430499198,2.469566858544871,2.035104274794753,64,5,1,5,1,0,0,"{'Historica y del caribe norte': 0.0002454991816693944, 'De la virgen y turistica': 6.382028208564682e-05, 'Industrial de la bahia': 0.0}",9.007791739854974e-05,"{'Historica y del caribe norte': 0.0, 'De la virgen y turistica': 0.0, 'Industrial de la bahia': 0.0}",0.0,0,"{'Historica y del caribe norte': 1, 'De la virgen y turistica': 4, 'Industrial de la bahia': 1}",0,"{'Historica y del caribe norte': 1, 'De la virgen y turistica': 2, 'Industrial de la bahia': 1}",{}
24,42880,1105,5,1,1099,421,0.3429864253393665,"{'Historica y del caribe norte': [11952, 0, 0, 174, 11, 0, 1, 0, 1, 0, 0, 0, 93, 0, 2], 'Industrial de la bahia': [16031, 0, 0, 332, 22, 0, 1, 0, 0, 1, 0, 1, 152, 0, 0], 'De la virgen y turistica': [14897, 0, 0, 593, 42, 0, 3, 0, 1, 0, 0, 0, 176, 0, 0]}","[6912, 0, 0, 103, 0, 0, 0, 0, 0, 0, 0, 0, 73, 0, 0]","[7066, 0, 0, 132, 3, 0, 0, 0, 0, 0, 0, 0, 74, 0, 0]","[14039, 0, 0, 482, 40, 0, 0, 0, 0, 0, 0, 0, 142, 0, 0]","[9688, 0, 0, 270, 24, 0, 3, 0, 2, 0, 0, 0, 84, 0, 2]","[5175, 0, 0, 112, 8, 0, 2, 0, 0, 1, 0, 1, 48, 0, 0]","[32418, 685, 4, 1, 334]","[0, 0, 0, 0, 0]",44406,24,0.932171328198892,0.6338332657748953,0.5166193757600325,3.7754469171835097,2.5671287851149214,2.0923932871214883,75,5,3,6,1,0,0,"{'Historica y del caribe norte': 0.0002454991816693944, 'De la virgen y turistica': 6.382028208564682e-05, 'Industrial de la bahia': 0.0}",9.007791739854974e-05,"{'Historica y del caribe norte': 0.0, 'De la virgen y turistica': 0.0, 'Industrial de la bahia': 0.0}",0.0,0,"{'Historica y del caribe norte': 1, 'De la virgen y turistica': 4, 'Industrial de la bahia': 1}",0,"{'Historica y del caribe norte': 1, 'De la virgen y turistica': 2, 'Industrial de la bahia': 1}",{}
25,42812,1071,6,1,1064,523,0.3473389355742297,"{'Historica y del caribe norte': [11941, 0, 0, 169, 15, 0, 1, 0, 1, 0, 0, 0, 109, 0, 2], 'Industrial de la bahia': [16016, 0, 0, 303, 20, 0, 1, 0, 0, 1, 0, 1, 196, 0, 0], 'De la virgen y turistica': [14855, 0, 0, 592, 50, 0, 4, 0, 1, 0, 0, 0, 218, 0, 0]}","[6912, 0, 0, 82, 0, 0, 0, 0, 0, 0, 0, 0, 94, 0, 0]","[7063, 0, 0, 116, 7, 0, 0, 0, 0, 0, 0, 0, 93, 0, 0]","[14007, 0, 0, 480, 36, 0, 0, 0, 0, 0, 0, 0, 176, 0, 0]","[9665, 0, 0, 276, 31, 0, 3, 0, 2, 0, 0, 0, 101, 0, 2]","[5165, 0, 0, 110, 11, 0, 3, 0, 0, 1, 0, 1, 59, 0, 0]","[32633, 691, 3, 1, 400]","[0, 0, 0, 0, 0]",44406,25,0.8990902130342746,0.5935909561770932,0.4925010133765707,3.7389960666791535,2.468533433227196,2.0481363551226823,85,5,4,9,0,0,0,"{'Historica y del caribe norte': 0.0002454991816693944, 'De la virgen y turistica': 6.382028208564682e-05, 'Industrial de la bahia': 0.0}",9.007791739854974e-05,"{'Historica y del caribe norte': 0.0, 'De la virgen y turistica': 0.0, 'Industrial de la bahia': 0.0}",0.0,0,"{'Historica y del caribe norte': 1, 'De la virgen y turistica': 4, 'Industrial de la bahia': 1}",0,"{'Historica y del caribe norte': 1, 'De la virgen y turistica': 2, 'Industrial de la bahia': 1}",{}
26,42739,1051,8,1,1042,616,0.32445290199809707,"{'Historica y del caribe norte': [11926, 0, 0, 163, 15, 0, 2, 0, 1, 0, 0, 0, 129, 0, 2], 'Industrial de la bahia': [16006, 0, 0, 281, 13, 0, 1, 0, 0, 1, 0, 1, 228, 0, 0], 'De la virgen y turistica': [14807, 0, 0, 598, 50, 0, 5, 0, 1, 0, 0, 0, 259, 0, 0]}","[6912, 0, 0, 70, 0, 0, 0, 0, 0, 0, 0, 0, 106, 0, 0]","[7063, 0, 0, 103, 2, 0, 0, 0, 0, 0, 0, 0, 106, 0, 0]","[13971, 0, 0, 479, 43, 0, 0, 0, 0, 0, 0, 0, 213, 0, 0]","[9640, 0, 0, 278, 20, 0, 3, 0, 2, 0, 0, 0, 124, 0, 2]","[5153, 0, 0, 112, 13, 0, 5, 0, 0, 1, 0, 1, 67, 0, 0]","[32732, 652, 5, 1, 475]","[0, 0, 0, 0, 0]",44406,26,0.874161149394226,0.5807548529477998,0.4838084943476107,3.6825728109287543,2.446542073807039,2.0381367991651644,78,5,6,11,0,0,0,"{'Historica y del caribe norte': 0.0002454991816693944, 'De la virgen y turistica': 6.382028208564682e-05, 'Industrial de la bahia': 0.0}",9.007791739854974e-05,"{'Historica y del caribe norte': 0.0, 'De la virgen y turistica': 0.0, 'Industrial de la bahia': 0.0}",0.0,0,"{'Historica y del caribe norte': 1, 'De la virgen y turistica': 4, 'Industrial de la bahia': 1}",0,"{'Historica y del caribe norte': 1, 'De la virgen y turistica': 2, 'Industrial de la bahia': 1}",{}
27,42681,1032,10,1,1021,693,0.33042635658914726,"{'Historica y del caribe norte': [11922, 0, 0, 160, 10, 0, 3, 0, 1, 0, 0, 0, 135, 0, 2], 'Industrial de la bahia': [15993, 0, 0, 263, 8, 0, 1, 0, 0, 1, 0, 1, 259, 0, 0], 'De la virgen y turistica': [14766, 0, 0, 598, 39, 0, 6, 0, 2, 0, 0, 0, 299, 0, 0]}","[6912, 0, 0, 57, 0, 0, 0, 0, 0, 0, 0, 0, 119, 0, 0]","[7061, 0, 0, 96, 1, 0, 0, 0, 0, 0, 0, 0, 115, 0, 0]","[13936, 0, 0, 481, 31, 0, 1, 0, 0, 0, 0, 0, 245, 0, 0]","[9623, 0, 0, 282, 21, 0, 3, 0, 3, 0, 0, 0, 137, 0, 2]","[5149, 0, 0, 105, 4, 0, 6, 0, 0, 1, 0, 1, 77, 0, 0]","[32281, 642, 9, 1, 511]","[0, 0, 0, 0, 0]",44406,27,0.9321938476782416,0.6297797594919605,0.5048642075395217,3.776226965882138,2.551176792556103,2.0451559934318553,57,6,7,12,0,0,0,"{'Historica y del caribe norte': 0.0002454991816693944, 'De la virgen y turistica': 0.00012764056417129363, 'Industrial de la bahia': 0.0}",0.00011259739674818718,"{'Historica y del caribe norte': 0.0, 'De la virgen y turistica': 0.0, 'Industrial de la bahia': 0.0}",0.0,0,"{'Historica y del caribe norte': 1, 'De la virgen y turistica': 4, 'Industrial de la bahia': 1}",0,"{'Historica y del caribe norte': 1, 'De la virgen y turistica': 2, 'Industrial de la bahia': 1}",{}
28,42597,1037,11,1,1025,772,0.3500482160077146,"{'Historica y del caribe norte': [11905, 0, 0, 170, 13, 0, 3, 0, 1, 0, 0, 0, 142, 0, 2], 'Industrial de la bahia': [15970, 0, 0, 262, 20, 0, 1, 0, 1, 1, 0, 1, 283, 0, 0], 'De la virgen y turistica': [14722, 0, 0, 593, 47, 0, 7, 0, 3, 0, 0, 0, 347, 0, 0]}","[6912, 0, 0, 46, 0, 0, 0, 0, 0, 0, 0, 0, 130, 0, 0]","[7061, 0, 0, 82, 1, 0, 0, 0, 0, 0, 0, 0, 129, 0, 0]","[13888, 0, 0, 496, 48, 0, 1, 0, 0, 0, 0, 0, 278, 0, 0]","[9596, 0, 0, 294, 23, 0, 3, 0, 3, 0, 0, 0, 152, 0, 2]","[5140, 0, 0, 107, 8, 0, 7, 0, 2, 1, 0, 1, 83, 0, 0]","[32427, 620, 10, 1, 580]","[0, 0, 0, 0, 0]",44406,28,0.8890915642030356,0.612732513624285,0.502049272620817,3.6665118870728084,2.5268387815750373,2.070393759286776,80,8,6,14,0,0,0,"{'Historica y del caribe norte': 0.0002454991816693944, 'De la virgen y turistica': 0.00012764056417129363, 'Industrial de la bahia': 0.0}",0.00011259739674818718,"{'Historica y del caribe norte': 0.0, 'De la virgen y turistica': 0.0, 'Industrial de la bahia': 0.0}",0.0,0,"{'Historica y del caribe norte': 1, 'De la virgen y turistica': 4, 'Industrial de la bahia': 1}",0,"{'Historica y del caribe norte': 1, 'De la virgen y turistica': 2, 'Industrial de la bahia': 1}",{}
29,42527,1048,11,2,1035,831,0.34923664122137404,"{'Historica y del caribe norte': [11890, 0, 0, 181, 12, 0, 3, 0, 1, 0, 0, 0, 146, 0, 2], 'Industrial de la bahia': [15957, 0, 0, 263, 17, 0, 1, 0, 1, 1, 0, 1, 295, 0, 0], 'De la virgen y turistica': [14680, 0, 0, 591, 43, 0, 7, 0, 3, 1, 0, 1, 390, 0, 0]}","[6912, 0, 0, 35, 0, 0, 0, 0, 0, 0, 0, 0, 141, 0, 0]","[7058, 0, 0, 78, 1, 0, 0, 0, 0, 0, 0, 0, 136, 0, 0]","[13857, 0, 0, 505, 35, 0, 1, 0, 0, 0, 0, 0, 300, 0, 0]","[9565, 0, 0, 315, 29, 0, 4, 0, 3, 0, 0, 0, 161, 0, 2]","[5135, 0, 0, 102, 7, 0, 6, 0, 2, 2, 0, 2, 93, 0, 0]","[33375, 654, 10, 2, 649]","[0, 0, 0, 0, 0]",44406,29,0.7392019096518488,0.49619420798991126,0.4448272755933883,3.3784479209551255,2.26780568135035,2.033038287361054,72,9,6,15,0,0,0,"{'Historica y del caribe norte': 0.0002454991816693944, 'De la virgen y turistica': 0.00012764056417129363, 'Industrial de la bahia': 0.0}",0.00011259739674818718,"{'Historica y del caribe norte': 0.0, 'De la virgen y turistica': 0.0, 'Industrial de la bahia': 0.0}",0.0,0,"{'Historica y del caribe norte': 1, 'De la virgen y turistica': 4, 'Industrial de la bahia': 1}",0,"{'Historica y del caribe norte': 1, 'De la virgen y turistica': 2, 'Industrial de la bahia': 1}",{}
30,42426,1085,12,2,1071,895,0.37880184331797234,"{'Historica y del caribe norte': [11872, 0, 0, 190, 16, 0, 3, 0, 2, 0, 0, 0, 155, 0, 2], 'Industrial de la bahia': [15938, 0, 0, 266, 13, 0, 2, 0, 1, 0, 0, 0, 311, 0, 1], 'De la virgen y turistica': [14616, 0, 0, 615, 52, 0, 7, 0, 3, 2, 0, 2, 429, 0, 0]}","[6912, 0, 0, 25, 0, 0, 0, 0, 0, 0, 0, 0, 151, 0, 0]","[7055, 0, 0, 65, 2, 0, 0, 0, 0, 0, 0, 0, 152, 0, 0]","[13801, 0, 0, 543, 38, 0, 1, 0, 0, 0, 0, 0, 318, 0, 0]","[9532, 0, 0, 332, 37, 0, 5, 0, 3, 0, 0, 0, 176, 0, 2]","[5126, 0, 0, 106, 4, 0, 6, 0, 3, 2, 0, 2, 98, 0, 1]","[31071, 588, 9, 2, 656]","[0, 0, 0, 0, 0]",44406,30,1.1227086429761743,0.760933207224249,0.5838175021393506,4.127069536423841,2.797185430463576,2.1461092715231787,81,11,6,16,1,0,0,"{'Historica y del caribe norte': 0.0002454991816693944, 'De la virgen y turistica': 0.00012764056417129363, 'Industrial de la bahia': 0.0}",0.00011259739674818718,"{'Historica y del caribe norte': 0.0, 'De la virgen y turistica': 0.0, 'Industrial de la bahia': 0.0}",0.0,0,"{'Historica y del caribe norte': 1, 'De la virgen y turistica': 4, 'Industrial de la bahia': 1}",0,"{'Historica y del caribe norte': 1, 'De la virgen y turistica': 2, 'Industrial de la bahia': 1}",{}
31,42325,1066,14,2,1050,1015,0.3977485928705441,"{'Historica y del caribe norte': [11858, 0, 0, 178, 18, 0, 3, 0, 3, 0, 0, 0, 181, 0, 2], 'Industrial de la bahia': [15910, 0, 0, 258, 26, 0, 3, 0, 1, 0, 0, 0, 346, 0, 1], 'De la virgen y turistica': [14557, 0, 0, 614, 58, 0, 8, 0, 4, 2, 0, 2, 488, 0, 0]}","[6912, 0, 0, 6, 0, 0, 0, 0, 0, 0, 0, 0, 170, 0, 0]","[7053, 0, 0, 43, 4, 0, 0, 0, 0, 0, 0, 0, 176, 0, 0]","[13751, 0, 0, 553, 57, 0, 1, 0, 1, 0, 0, 0, 358, 0, 0]","[9495, 0, 0, 342, 30, 0, 6, 0, 3, 0, 0, 0, 202, 0, 2]","[5114, 0, 0, 106, 11, 0, 7, 0, 4, 2, 0, 2, 109, 0, 1]","[31270, 573, 10, 2, 758]","[0, 0, 0, 0, 0]",44406,31,1.0913840472008287,0.7176507679142459,0.5547448542989686,4.109556516577631,2.702281014160943,2.0888662766047656,102,13,6,16,2,0,0,"{'Historica y del caribe norte': 0.0002454991816693944, 'De la virgen y turistica': 0.00019146084625694046, 'Industrial de la bahia': 0.0}",0.00013511687609782462,"{'Historica y del caribe norte': 0.0, 'De la virgen y turistica': 0.0, 'Industrial de la bahia': 0.0}",0.0,0,"{'Historica y del caribe norte': 1, 'De la virgen y turistica': 4, 'Industrial de la bahia': 1}",0,"{'Historica y del caribe norte': 1, 'De la virgen y turistica': 2, 'Industrial de la bahia': 1}",{}
32,42217,1090,14,3,1073,1099,0.4018348623853211,"{'Historica y del caribe norte': [11840, 0, 0, 179, 17, 0, 2, 0, 2, 1, 0, 1, 198, 0, 2], 'Industrial de la bahia': [15880, 0, 0, 261, 31, 0, 3, 0, 1, 0, 0, 0, 373, 0, 1], 'De la virgen y turistica': [14497, 0, 0, 633, 70, 0, 9, 0, 5, 2, 0, 2, 528, 0, 0]}","[6912, 0, 0, 0, 0, 0, 0, 0, 0, 0, 0, 0, 176, 0, 0]","[7049, 0, 0, 36, 5, 0, 0, 0, 0, 0, 0, 0, 187, 0, 0]","[13699, 0, 0, 565, 56, 0, 2, 0, 1, 0, 0, 0, 397, 0, 0]","[9454, 0, 0, 362, 41, 0, 6, 0, 3, 0, 0, 0, 223, 0, 2]","[5103, 0, 0, 110, 16, 0, 6, 0, 4, 3, 0, 3, 116, 0, 1]","[31169, 538, 10, 3, 780]","[0, 0, 0, 0, 0]",44406,32,1.106021708778093,0.7466108183578796,0.5680088276359051,4.12514698471359,2.7846463967747352,2.118511674785822,118,14,6,17,2,0,0,"{'Historica y del caribe norte': 0.0002454991816693944, 'De la virgen y turistica': 0.00019146084625694046, 'Industrial de la bahia': 0.0}",0.00013511687609782462,"{'Historica y del caribe norte': 0.0, 'De la virgen y turistica': 0.0, 'Industrial de la bahia': 0.0}",0.0,0,"{'Historica y del caribe norte': 1, 'De la virgen y turistica': 4, 'Industrial de la bahia': 1}",0,"{'Historica y del caribe norte': 1, 'De la virgen y turistica': 2, 'Industrial de la bahia': 1}",{}
33,42146,1111,15,4,1092,1149,0.39063906390639064,"{'Historica y del caribe norte': [11832, 0, 0, 184, 12, 0, 2, 0, 2, 1, 0, 1, 201, 0, 2], 'Industrial de la bahia': [15868, 0, 0, 256, 21, 0, 3, 0, 1, 0, 0, 0, 390, 0, 1], 'De la virgen y turistica': [14446, 0, 0, 652, 47, 0, 10, 0, 5, 3, 0, 3, 558, 0, 0]}","[6912, 0, 0, 0, 0, 0, 0, 0, 0, 0, 0, 0, 176, 0, 0]","[7047, 0, 0, 37, 0, 0, 0, 0, 0, 0, 0, 0, 188, 0, 0]","[13662, 0, 0, 574, 41, 0, 2, 0, 1, 0, 0, 0, 425, 0, 0]","[9429, 0, 0, 370, 32, 0, 7, 0, 4, 0, 0, 0, 239, 0, 2]","[5096, 0, 0, 111, 7, 0, 6, 0, 3, 4, 0, 4, 121, 0, 1]","[32729, 647, 11, 4, 880]","[0, 0, 0, 0, 0]",44406,33,0.7930910237355312,0.5395216862586137,0.446336080709814,3.4748889985199805,2.363887518500247,1.9555994079921066,80,15,7,19,3,0,0,"{'Historica y del caribe norte': 0.0002454991816693944, 'De la virgen y turistica': 0.00025528112834258726, 'Industrial de la bahia': 0.0}",0.00015763635544746205,"{'Historica y del caribe norte': 0.0, 'De la virgen y turistica': 0.0, 'Industrial de la bahia': 0.0}",0.0,0,"{'Historica y del caribe norte': 1, 'De la virgen y turistica': 4, 'Industrial de la bahia': 1}",0,"{'Historica y del caribe norte': 1, 'De la virgen y turistica': 2, 'Industrial de la bahia': 1}",{}
34,42078,1122,16,4,1102,1206,0.38235294117647056,"{'Historica y del caribe norte': [11824, 0, 0, 180, 7, 0, 2, 0, 2, 1, 0, 1, 213, 0, 2], 'Industrial de la bahia': [15845, 0, 0, 265, 21, 0, 3, 0, 2, 0, 0, 0, 404, 0, 1], 'De la virgen y turistica': [14409, 0, 0, 657, 44, 0, 11, 0, 6, 3, 0, 3, 589, 0, 0]}","[6912, 0, 0, 0, 0, 0, 0, 0, 0, 0, 0, 0, 176, 0, 0]","[7046, 0, 0, 35, 2, 0, 0, 0, 0, 0, 0, 0, 191, 0, 0]","[13628, 0, 0, 573, 35, 0, 2, 0, 1, 0, 0, 0, 460, 0, 0]","[9404, 0, 0, 382, 27, 0, 7, 0, 5, 0, 0, 0, 252, 0, 2]","[5088, 0, 0, 112, 8, 0, 7, 0, 4, 4, 0, 4, 127, 0, 1]","[33371, 686, 13, 4, 931]","[0, 0, 0, 0, 0]",44406,34,0.6965049768049363,0.4662433004548935,0.41140836823852633,3.289969152217849,2.2023189022444423,1.943303903840017,72,17,6,17,4,0,0,"{'Historica y del caribe norte': 0.0002454991816693944, 'De la virgen y turistica': 0.00025528112834258726, 'Industrial de la bahia': 6.054368226675546e-05}",0.0001801558347970995,"{'Historica y del caribe norte': 0.0, 'De la virgen y turistica': 0.0, 'Industrial de la bahia': 0.0}",0.0,0,"{'Historica y del caribe norte': 1, 'De la virgen y turistica': 4, 'Industrial de la bahia': 1}",0,"{'Historica y del caribe norte': 1, 'De la virgen y turistica': 2, 'Industrial de la bahia': 1}",{}
35,41994,1153,17,4,1132,1259,0.3876843018213356,"{'Historica y del caribe norte': [11814, 0, 0, 178, 12, 0, 2, 0, 2, 1, 0, 1, 225, 0, 2], 'Industrial de la bahia': [15818, 0, 0, 278, 20, 0, 3, 0, 3, 0, 0, 0, 418, 0, 1], 'De la virgen y turistica': [14362, 0, 0, 676, 39, 0, 12, 0, 7, 3, 0, 3, 616, 0, 0]}","[6912, 0, 0, 0, 0, 0, 0, 0, 0, 0, 0, 0, 176, 0, 0]","[7043, 0, 0, 36, 2, 0, 0, 0, 0, 0, 0, 0, 193, 0, 0]","[13585, 0, 0, 589, 38, 0, 2, 0, 1, 0, 0, 0, 487, 0, 0]","[9372, 0, 0, 392, 25, 0, 7, 0, 6, 0, 0, 0, 274, 0, 2]","[5082, 0, 0, 115, 6, 0, 8, 0, 5, 4, 0, 4, 129, 0, 1]","[32421, 651, 13, 4, 954]","[0, 0, 0, 0, 0]",44406,35,0.822794216997703,0.5647885420889069,0.4647344953384678,3.5257164913635046,2.4201486056161343,1.991411753353276,71,19,5,19,4,0,0,"{'Historica y del caribe norte': 0.0002454991816693944, 'De la virgen y turistica': 0.0003191014104282341, 'Industrial de la bahia': 6.054368226675546e-05}",0.00020267531414673692,"{'Historica y del caribe norte': 0.0, 'De la virgen y turistica': 0.0, 'Industrial de la bahia': 0.0}",0.0,0,"{'Historica y del caribe norte': 1, 'De la virgen y turistica': 4, 'Industrial de la bahia': 1}",0,"{'Historica y del caribe norte': 1, 'De la virgen y turistica': 2, 'Industrial de la bahia': 1}",{}
36,41907,1187,16,5,1166,1312,0.37236731255265376,"{'Historica y del caribe norte': [11799, 0, 0, 185, 12, 0, 2, 0, 2, 1, 0, 1, 233, 0, 2], 'Industrial de la bahia': [15794, 0, 0, 288, 28, 0, 3, 0, 3, 0, 0, 0, 432, 0, 1], 'De la virgen y turistica': [14314, 0, 0, 693, 56, 0, 11, 0, 7, 4, 0, 4, 647, 0, 0]}","[6912, 0, 0, 0, 0, 0, 0, 0, 0, 0, 0, 0, 176, 0, 0]","[7039, 0, 0, 38, 4, 0, 0, 0, 0, 0, 0, 0, 195, 0, 0]","[13550, 0, 0, 590, 40, 0, 2, 0, 2, 0, 0, 0, 521, 0, 0]","[9334, 0, 0, 417, 42, 0, 6, 0, 5, 1, 0, 1, 287, 0, 2]","[5072, 0, 0, 121, 10, 0, 8, 0, 5, 4, 0, 4, 133, 0, 1]","[33398, 725, 13, 5, 1037]","[0, 0, 0, 0, 0]",44406,36,0.6819799126244201,0.4526415349277125,0.4051929919380264,3.281751192024274,2.1781534460338103,1.9498266146510619,96,20,4,20,4,0,0,"{'Historica y del caribe norte': 0.0002454991816693944, 'De la virgen y turistica': 0.0003829216925138809, 'Industrial de la bahia': 6.054368226675546e-05}",0.00022519479349637436,"{'Historica y del caribe norte': 0.0, 'De la virgen y turistica': 0.0, 'Industrial de la bahia': 0.0}",0.0,0,"{'Historica y del caribe norte': 1, 'De la virgen y turistica': 4, 'Industrial de la bahia': 1}",0,"{'Historica y del caribe norte': 1, 'De la virgen y turistica': 2, 'Industrial de la bahia': 1}",{}
37,41801,1229,15,6,1208,1376,0.3840520748576078,"{'Historica y del caribe norte': [11787, 0, 0, 187, 11, 0, 2, 0, 2, 1, 0, 1, 243, 0, 2], 'Industrial de la bahia': [15777, 0, 0, 287, 18, 0, 3, 0, 3, 0, 0, 0, 450, 0, 1], 'De la virgen y turistica': [14237, 0, 0, 734, 55, 0, 10, 0, 8, 5, 0, 5, 683, 0, 0]}","[6912, 0, 0, 0, 0, 0, 0, 0, 0, 0, 0, 0, 176, 0, 0]","[7036, 0, 0, 39, 5, 0, 0, 0, 0, 0, 0, 0, 197, 0, 0]","[13498, 0, 0, 607, 41, 0, 1, 0, 1, 1, 0, 1, 556, 0, 0]","[9295, 0, 0, 434, 31, 0, 6, 0, 6, 1, 0, 1, 309, 0, 2]","[5060, 0, 0, 128, 7, 0, 8, 0, 6, 4, 0, 4, 138, 0, 1]","[31989, 679, 12, 5, 1002]","[0, 0, 0, 0, 0]",44406,37,0.8931225510066207,0.5971039949556366,0.4994370130162591,3.6999720123145816,2.4736449295643252,2.0690362906987594,84,22,2,18,5,0,0,"{'Historica y del caribe norte': 0.0002454991816693944, 'De la virgen y turistica': 0.0004467419745995277, 'Industrial de la bahia': 6.054368226675546e-05}",0.0002477142728460118,"{'Historica y del caribe norte': 0.0, 'De la virgen y turistica': 0.0, 'Industrial de la bahia': 0.0}",0.0,0,"{'Historica y del caribe norte': 1, 'De la virgen y turistica': 4, 'Industrial de la bahia': 1}",0,"{'Historica y del caribe norte': 1, 'De la virgen y turistica': 2, 'Industrial de la bahia': 1}",{}
38,41714,1241,15,7,1219,1451,0.37469782433521354,"{'Historica y del caribe norte': [11777, 0, 0, 186, 13, 0, 2, 0, 2, 1, 0, 1, 254, 0, 2], 'Industrial de la bahia': [15756, 0, 0, 286, 18, 0, 3, 0, 3, 0, 0, 0, 472, 0, 1], 'De la virgen y turistica': [14181, 0, 0, 747, 71, 0, 10, 0, 8, 6, 0, 6, 725, 0, 0]}","[6912, 0, 0, 0, 0, 0, 0, 0, 0, 0, 0, 0, 176, 0, 0]","[7032, 0, 0, 40, 2, 0, 0, 0, 0, 0, 0, 0, 200, 0, 0]","[13457, 0, 0, 607, 49, 0, 2, 0, 1, 1, 0, 1, 596, 0, 0]","[9261, 0, 0, 444, 42, 0, 6, 0, 6, 1, 0, 1, 333, 0, 2]","[5052, 0, 0, 128, 9, 0, 7, 0, 6, 5, 0, 5, 146, 0, 1]","[31977, 728, 8, 6, 1057]","[0, 0, 0, 0, 0]",44406,38,0.8657613835968112,0.5893122551006621,0.4904742602351034,3.616650987770461,2.4618062088428974,2.048918156161806,102,23,2,17,6,0,0,"{'Historica y del caribe norte': 0.0002454991816693944, 'De la virgen y turistica': 0.0004467419745995277, 'Industrial de la bahia': 6.054368226675546e-05}",0.0002477142728460118,"{'Historica y del caribe norte': 0.0, 'De la virgen y turistica': 0.0, 'Industrial de la bahia': 0.0}",0.0,0,"{'Historica y del caribe norte': 1, 'De la virgen y turistica': 4, 'Industrial de la bahia': 1}",0,"{'Historica y del caribe norte': 1, 'De la virgen y turistica': 2, 'Industrial de la bahia': 1}",{}
39,41605,1264,14,8,1242,1536,0.37183544303797467,"{'Historica y del caribe norte': [11766, 0, 0, 182, 7, 0, 2, 0, 2, 1, 0, 1, 269, 0, 2], 'Industrial de la bahia': [15726, 0, 0, 296, 29, 0, 2, 0, 2, 0, 0, 0, 493, 0, 2], 'De la virgen y turistica': [14113, 0, 0, 764, 67, 0, 10, 0, 7, 7, 0, 7, 774, 0, 0]}","[6912, 0, 0, 0, 0, 0, 0, 0, 0, 0, 0, 0, 176, 0, 0]","[7030, 0, 0, 35, 3, 0, 0, 0, 0, 0, 0, 0, 207, 0, 0]","[13401, 0, 0, 628, 56, 0, 2, 0, 1, 1, 0, 1, 631, 0, 0]","[9220, 0, 0, 452, 33, 0, 8, 0, 6, 1, 0, 1, 364, 0, 2]","[5042, 0, 0, 127, 11, 0, 4, 0, 4, 6, 0, 6, 158, 0, 2]","[31278, 689, 9, 5, 1074]","[0, 0, 0, 0, 0]",44405,39,0.9930863641481815,0.6796982321810607,0.53906091656345,3.885286343612335,2.65920704845815,2.1089867841409693,103,23,3,18,7,0,0,"{'Historica y del caribe norte': 0.0002454991816693944, 'De la virgen y turistica': 0.0004467704876180751, 'Industrial de la bahia': 6.054368226675546e-05}",0.0002477142728460118,"{'Historica y del caribe norte': 0.0, 'De la virgen y turistica': 0.06666666666666667, 'Industrial de la bahia': 0.0}",0.041666666666666664,1,"{'Historica y del caribe norte': 1, 'De la virgen y turistica': 4, 'Industrial de la bahia': 1}",0,"{'Historica y del caribe norte': 1, 'De la virgen y turistica': 2, 'Industrial de la bahia': 1}",{}
40,41501,1292,15,8,1269,1612,0.3715170278637771,"{'Historica y del caribe norte': [11752, 0, 0, 180, 16, 0, 3, 0, 2, 1, 0, 1, 284, 0, 2], 'Industrial de la bahia': [15702, 0, 0, 307, 28, 0, 2, 0, 2, 0, 0, 0, 506, 0, 2], 'De la virgen y turistica': [14047, 0, 0, 782, 52, 0, 10, 0, 7, 7, 0, 7, 822, 0, 0]}","[6912, 0, 0, 0, 0, 0, 0, 0, 0, 0, 0, 0, 176, 0, 0]","[7027, 0, 0, 36, 2, 0, 0, 0, 0, 0, 0, 0, 209, 0, 0]","[13352, 0, 0, 634, 42, 0, 2, 0, 1, 1, 0, 1, 674, 0, 0]","[9178, 0, 0, 475, 40, 0, 9, 0, 6, 1, 0, 1, 382, 0, 2]","[5032, 0, 0, 124, 12, 0, 4, 0, 4, 6, 0, 6, 171, 0, 2]","[31555, 707, 11, 6, 1128]","[0, 0, 0, 0, 0]",44405,40,0.9477761513343091,0.630424501745299,0.5275081634951019,3.8266957628659757,2.545371885797418,2.1298417894162576,96,23,4,20,7,0,0,"{'Historica y del caribe norte': 0.0002454991816693944, 'De la virgen y turistica': 0.0004467704876180751, 'Industrial de la bahia': 6.054368226675546e-05}",0.0002477142728460118,"{'Historica y del caribe norte': 0.0, 'De la virgen y turistica': 0.06666666666666667, 'Industrial de la bahia': 0.0}",0.041666666666666664,1,"{'Historica y del caribe norte': 1, 'De la virgen y turistica': 4, 'Industrial de la bahia': 1}",0,"{'Historica y del caribe norte': 1, 'De la virgen y turistica': 2, 'Industrial de la bahia': 1}",{}
41,41407,1329,14,8,1307,1669,0.37772761474793076,"{'Historica y del caribe norte': [11739, 0, 0, 184, 10, 0, 3, 0, 2, 1, 0, 1, 293, 0, 2], 'Industrial de la bahia': [15679, 0, 0, 322, 20, 0, 2, 0, 2, 0, 0, 0, 514, 0, 2], 'De la virgen y turistica': [13989, 0, 0, 801, 74, 0, 9, 0, 6, 7, 0, 7, 862, 0, 1]}","[6912, 0, 0, 0, 0, 0, 0, 0, 0, 0, 0, 0, 176, 0, 0]","[7026, 0, 0, 36, 3, 0, 0, 0, 0, 0, 0, 0, 210, 0, 0]","[13301, 0, 0, 654, 54, 0, 2, 0, 1, 1, 0, 1, 705, 0, 0]","[9147, 0, 0, 486, 37, 0, 8, 0, 5, 1, 0, 1, 403, 0, 3]","[5021, 0, 0, 131, 10, 0, 4, 0, 4, 6, 0, 6, 175, 0, 2]","[31098, 741, 7, 7, 1128]","[0, 0, 0, 0, 0]",44405,41,1.0008557594865444,0.6829636302218218,0.5458619524828285,3.8903186274509802,2.654674369747899,2.1217612044817926,104,23,4,20,6,0,0,"{'Historica y del caribe norte': 0.0002454991816693944, 'De la virgen y turistica': 0.0004467704876180751, 'Industrial de la bahia': 6.054368226675546e-05}",0.0002477142728460118,"{'Historica y del caribe norte': 0.0, 'De la virgen y turistica': 0.06666666666666667, 'Industrial de la bahia': 0.0}",0.041666666666666664,1,"{'Historica y del caribe norte': 1, 'De la virgen y turistica': 4, 'Industrial de la bahia': 1}",0,"{'Historica y del caribe norte': 1, 'De la virgen y turistica': 2, 'Industrial de la bahia': 1}",{}
42,41290,1366,16,8,1342,1749,0.390190336749634,"{'Historica y del caribe norte': [11722, 0, 0, 188, 14, 0, 3, 0, 2, 1, 0, 1, 306, 0, 2], 'Industrial de la bahia': [15660, 0, 0, 321, 14, 0, 2, 0, 2, 0, 0, 0, 534, 0, 2], 'De la virgen y turistica': [13908, 0, 0, 833, 64, 0, 11, 0, 7, 7, 0, 7, 909, 0, 1]}","[6912, 0, 0, 0, 0, 0, 0, 0, 0, 0, 0, 0, 176, 0, 0]","[7024, 0, 0, 37, 0, 0, 0, 0, 0, 0, 0, 0, 211, 0, 0]","[13238, 0, 0, 669, 42, 0, 2, 0, 2, 1, 0, 1, 753, 0, 0]","[9107, 0, 0, 501, 40, 0, 10, 0, 5, 1, 0, 1, 426, 0, 3]","[5009, 0, 0, 135, 10, 0, 4, 0, 4, 6, 0, 6, 183, 0, 2]","[31623, 752, 13, 6, 1248]","[0, 0, 0, 0, 0]",44405,42,0.9117666929399842,0.6140749915550051,0.4935930638441617,3.761683545479885,2.533494378890644,2.036421072191768,92,24,5,23,6,0,0,"{'Historica y del caribe norte': 0.0002454991816693944, 'De la virgen y turistica': 0.0005105948429920858, 'Industrial de la bahia': 6.054368226675546e-05}",0.00027023375219564923,"{'Historica y del caribe norte': 0.0, 'De la virgen y turistica': 0.0625, 'Industrial de la bahia': 0.0}",0.04,1,"{'Historica y del caribe norte': 1, 'De la virgen y turistica': 4, 'Industrial de la bahia': 1}",0,"{'Historica y del caribe norte': 1, 'De la virgen y turistica': 2, 'Industrial de la bahia': 1}",{}
43,41210,1375,16,7,1352,1820,0.3941818181818182,"{'Historica y del caribe norte': [11719, 0, 0, 179, 14, 0, 3, 0, 2, 0, 0, 0, 319, 0, 3], 'Industrial de la bahia': [15645, 0, 0, 319, 26, 0, 2, 0, 2, 0, 0, 0, 551, 0, 2], 'De la virgen y turistica': [13846, 0, 0, 854, 73, 0, 11, 0, 9, 7, 0, 7, 950, 0, 1]}","[6912, 0, 0, 0, 0, 0, 0, 0, 0, 0, 0, 0, 176, 0, 0]","[7022, 0, 0, 38, 3, 0, 0, 0, 0, 0, 0, 0, 212, 0, 0]","[13197, 0, 0, 675, 68, 0, 2, 0, 2, 1, 0, 1, 788, 0, 0]","[9081, 0, 0, 500, 28, 0, 10, 0, 7, 1, 0, 1, 453, 0, 3]","[4998, 0, 0, 139, 14, 0, 4, 0, 4, 5, 0, 5, 191, 0, 3]","[32345, 816, 9, 5, 1332]","[0, 0, 0, 0, 0]",44405,43,0.7656795405922756,0.5209098074541155,0.4441166535300079,3.4350373812891495,2.33693675489998,1.992422711658921,113,26,3,22,6,0,0,"{'Historica y del caribe norte': 0.0002454991816693944, 'De la virgen y turistica': 0.0006382435537401072, 'Industrial de la bahia': 6.054368226675546e-05}",0.0003152727108949241,"{'Historica y del caribe norte': 0.0, 'De la virgen y turistica': 0.05555555555555555, 'Industrial de la bahia': 0.0}",0.037037037037037035,1,"{'Historica y del caribe norte': 1, 'De la virgen y turistica': 4, 'Industrial de la bahia': 1}",0,"{'Historica y del caribe norte': 1, 'De la virgen y turistica': 2, 'Industrial de la bahia': 1}",{}
44,41089,1412,14,7,1391,1904,0.38526912181303113,"{'Historica y del caribe norte': [11706, 0, 0, 176, 11, 0, 2, 0, 2, 0, 0, 0, 336, 0, 4], 'Industrial de la bahia': [15628, 0, 0, 323, 17, 0, 2, 0, 2, 0, 0, 0, 564, 0, 2], 'De la virgen y turistica': [13755, 0, 0, 892, 86, 0, 10, 0, 7, 7, 0, 7, 1004, 0, 3]}","[6912, 0, 0, 0, 0, 0, 0, 0, 0, 0, 0, 0, 176, 0, 0]","[7020, 0, 0, 38, 2, 0, 0, 0, 0, 0, 0, 0, 214, 0, 0]","[13130, 0, 0, 704, 62, 0, 2, 0, 2, 1, 0, 1, 826, 0, 0]","[9037, 0, 0, 507, 39, 0, 9, 0, 7, 1, 0, 1, 491, 0, 4]","[4990, 0, 0, 142, 11, 0, 3, 0, 2, 5, 0, 5, 197, 0, 5]","[31087, 794, 11, 5, 1300]","[0, 0, 0, 0, 0]",44405,44,0.975250534849679,0.6586420448147731,0.5236572458056525,3.8638472519628837,2.6094753747323343,2.074678800856531,114,27,3,25,5,0,0,"{'Historica y del caribe norte': 0.0003273322422258593, 'De la virgen y turistica': 0.0006382435537401072, 'Industrial de la bahia': 6.054368226675546e-05}",0.00033779219024456154,"{'Historica y del caribe norte': 0.0, 'De la virgen y turistica': 0.05555555555555555, 'Industrial de la bahia': 0.0}",0.03571428571428571,1,"{'Historica y del caribe norte': 1, 'De la virgen y turistica': 4, 'Industrial de la bahia': 1}",0,"{'Historica y del caribe norte': 1, 'De la virgen y turistica': 2, 'Industrial de la bahia': 1}",{}
45,40982,1417,15,6,1396,2006,0.36838390966831336,"{'Historica y del caribe norte': [11687, 0, 0, 177, 8, 0, 2, 0, 2, 0, 0, 0, 354, 0, 4], 'Industrial de la bahia': [15603, 0, 0, 322, 20, 0, 2, 0, 2, 0, 0, 0, 590, 0, 2], 'De la virgen y turistica': [13692, 0, 0, 897, 77, 0, 11, 0, 7, 6, 0, 6, 1062, 0, 4]}","[6912, 0, 0, 0, 0, 0, 0, 0, 0, 0, 0, 0, 176, 0, 0]","[7015, 0, 0, 39, 3, 0, 0, 0, 0, 0, 0, 0, 218, 0, 0]","[13069, 0, 0, 708, 56, 0, 2, 0, 2, 1, 0, 1, 883, 0, 0]","[9012, 0, 0, 501, 34, 0, 10, 0, 7, 1, 0, 1, 521, 0, 4]","[4974, 0, 0, 148, 12, 0, 3, 0, 2, 4, 0, 4, 208, 0, 6]","[31024, 792, 8, 3, 1343]","[0, 0, 0, 0, 0]",44405,45,0.9733813759711745,0.6588897646661412,0.5292196824681905,3.847174009790832,2.6041833555852247,2.091677792612372,105,27,4,26,5,0,0,"{'Historica y del caribe norte': 0.0003273322422258593, 'De la virgen y turistica': 0.0006382435537401072, 'Industrial de la bahia': 6.054368226675546e-05}",0.00033779219024456154,"{'Historica y del caribe norte': 0.0, 'De la virgen y turistica': 0.05555555555555555, 'Industrial de la bahia': 0.0}",0.03571428571428571,1,"{'Historica y del caribe norte': 1, 'De la virgen y turistica': 4, 'Industrial de la bahia': 1}",0,"{'Historica y del caribe norte': 1, 'De la virgen y turistica': 2, 'Industrial de la bahia': 1}",{}
46,40875,1405,17,5,1383,2125,0.35658362989323844,"{'Historica y del caribe norte': [11677, 0, 0, 169, 18, 0, 2, 0, 1, 0, 0, 0, 372, 0, 5], 'Industrial de la bahia': [15575, 0, 0, 319, 22, 0, 2, 0, 2, 0, 0, 0, 621, 0, 2], 'De la virgen y turistica': [13623, 0, 0, 895, 68, 0, 13, 0, 9, 5, 0, 5, 1132, 0, 5]}","[6912, 0, 0, 0, 0, 0, 0, 0, 0, 0, 0, 0, 176, 0, 0]","[7009, 0, 0, 40, 6, 0, 0, 0, 0, 0, 0, 0, 223, 0, 0]","[13006, 0, 0, 713, 66, 0, 4, 0, 2, 1, 0, 1, 939, 0, 0]","[8980, 0, 0, 492, 29, 0, 10, 0, 8, 1, 0, 1, 562, 0, 5]","[4968, 0, 0, 138, 7, 0, 3, 0, 2, 3, 0, 3, 225, 0, 7]","[31056, 769, 9, 3, 1468]","[0, 0, 0, 0, 0]",44405,46,0.9517621889426866,0.6390496565702061,0.519333408399955,3.8074774774774776,2.5564864864864867,2.0775675675675678,108,29,5,27,5,0,0,"{'Historica y del caribe norte': 0.0003273322422258593, 'De la virgen y turistica': 0.0007658922644881287, 'Industrial de la bahia': 6.054368226675546e-05}",0.0003828311489438364,"{'Historica y del caribe norte': 0.0, 'De la virgen y turistica': 0.05, 'Industrial de la bahia': 0.0}",0.03333333333333333,1,"{'Historica y del caribe norte': 1, 'De la virgen y turistica': 4, 'Industrial de la bahia': 1}",0,"{'Historica y del caribe norte': 1, 'De la virgen y turistica': 2, 'Industrial de la bahia': 1}",{}
47,40753,1449,18,4,1427,2203,0.3671497584541063,"{'Historica y del caribe norte': [11659, 0, 0, 176, 12, 0, 2, 0, 1, 0, 0, 0, 383, 0, 5], 'Industrial de la bahia': [15553, 0, 0, 320, 30, 0, 2, 0, 2, 0, 0, 0, 642, 0, 2], 'De la virgen y turistica': [13541, 0, 0, 931, 65, 0, 14, 0, 9, 4, 0, 4, 1178, 0, 6]}","[6912, 0, 0, 0, 0, 0, 0, 0, 0, 0, 0, 0, 176, 0, 0]","[7004, 0, 0, 45, 6, 0, 0, 0, 0, 0, 0, 0, 223, 0, 0]","[12947, 0, 0, 733, 56, 0, 4, 0, 2, 1, 0, 1, 978, 0, 0]","[8937, 0, 0, 503, 36, 0, 11, 0, 8, 1, 0, 1, 593, 0, 5]","[4953, 0, 0, 146, 9, 0, 3, 0, 2, 2, 0, 2, 233, 0, 8]","[30824, 763, 14, 1, 1524]","[0, 0, 0, 0, 0]",44405,47,0.9960815223510866,0.6697443981533611,0.5317644409413355,3.921535597127405,2.6367585778881106,2.0935366610515116,107,29,6,28,4,0,0,"{'Historica y del caribe norte': 0.0003273322422258593, 'De la virgen y turistica': 0.0007658922644881287, 'Industrial de la bahia': 6.054368226675546e-05}",0.0003828311489438364,"{'Historica y del caribe norte': 0.0, 'De la virgen y turistica': 0.05, 'Industrial de la bahia': 0.0}",0.03333333333333333,1,"{'Historica y del caribe norte': 1, 'De la virgen y turistica': 4, 'Industrial de la bahia': 1}",0,"{'Historica y del caribe norte': 1, 'De la virgen y turistica': 2, 'Industrial de la bahia': 1}",{}
48,40626,1505,20,4,1481,2274,0.37475083056478403,"{'Historica y del caribe norte': [11641, 0, 0, 187, 14, 0, 2, 0, 1, 0, 0, 0, 390, 0, 5], 'Industrial de la bahia': [15524, 0, 0, 328, 25, 0, 2, 0, 2, 0, 0, 0, 663, 0, 2], 'De la virgen y turistica': [13461, 0, 0, 966, 86, 0, 16, 0, 10, 4, 0, 4, 1221, 0, 6]}","[6912, 0, 0, 0, 0, 0, 0, 0, 0, 0, 0, 0, 176, 0, 0]","[7004, 0, 0, 43, 2, 0, 0, 0, 0, 0, 0, 0, 225, 0, 0]","[12882, 0, 0, 763, 62, 0, 4, 0, 2, 1, 0, 1, 1013, 0, 0]","[8886, 0, 0, 527, 46, 0, 12, 0, 8, 1, 0, 1, 619, 0, 5]","[4942, 0, 0, 148, 15, 0, 4, 0, 3, 2, 0, 2, 241, 0, 8]","[30409, 790, 13, 4, 1505]","[0, 0, 0, 0, 0]",44405,48,1.0551289269226438,0.7148068911158654,0.5587659047404572,4.010013693940431,2.7166210201985623,2.123587812393016,125,30,7,32,3,0,0,"{'Historica y del caribe norte': 0.0003273322422258593, 'De la virgen y turistica': 0.0007658922644881287, 'Industrial de la bahia': 6.054368226675546e-05}",0.0003828311489438364,"{'Historica y del caribe norte': 0.0, 'De la virgen y turistica': 0.047619047619047616, 'Industrial de la bahia': 0.0}",0.03225806451612903,1,"{'Historica y del caribe norte': 1, 'De la virgen y turistica': 4, 'Industrial de la bahia': 1}",0,"{'Historica y del caribe norte': 1, 'De la virgen y turistica': 2, 'Industrial de la bahia': 1}",{}
49,40489,1571,20,5,1546,2345,0.3959261616804583,"{'Historica y del caribe norte': [11617, 0, 0, 199, 26, 0, 2, 0, 1, 0, 0, 0, 402, 0, 5], 'Industrial de la bahia': [15493, 0, 0, 339, 27, 0, 2, 0, 2, 0, 0, 0, 683, 0, 2], 'De la virgen y turistica': [13379, 0, 0, 1008, 75, 0, 16, 0, 8, 5, 0, 5, 1260, 0, 8]}","[6912, 0, 0, 0, 0, 0, 0, 0, 0, 0, 0, 0, 176, 0, 0]","[6997, 0, 0, 48, 3, 0, 0, 0, 0, 0, 0, 0, 227, 0, 0]","[12802, 0, 0, 805, 71, 0, 4, 0, 2, 1, 0, 1, 1051, 0, 0]","[8847, 0, 0, 539, 43, 0, 14, 0, 8, 1, 0, 1, 644, 0, 6]","[4931, 0, 0, 154, 11, 0, 2, 0, 1, 3, 0, 3, 247, 0, 9]","[30445, 823, 14, 2, 1591]","[0, 0, 0, 0, 0]",44405,49,1.0118680328791803,0.6967008219795068,0.5580452651728409,3.8969644405897657,2.6831743278404163,2.1491760624457936,128,31,9,37,2,0,0,"{'Historica y del caribe norte': 0.0003273322422258593, 'De la virgen y turistica': 0.0008297166198621394, 'Industrial de la bahia': 6.054368226675546e-05}",0.00040535062829347385,"{'Historica y del caribe norte': 0.0, 'De la virgen y turistica': 0.045454545454545456, 'Industrial de la bahia': 0.0}",0.03125,1,"{'Historica y del caribe norte': 1, 'De la virgen y turistica': 4, 'Industrial de la bahia': 1}",0,"{'Historica y del caribe norte': 1, 'De la virgen y turistica': 2, 'Industrial de la bahia': 1}",{}
50,40397,1568,19,5,1544,2440,0.38392857142857145,"{'Historica y del caribe norte': [11603, 0, 0, 201, 23, 0, 2, 0, 2, 0, 0, 0, 414, 0, 5], 'Industrial de la bahia': [15479, 0, 0, 325, 22, 0, 2, 0, 2, 0, 0, 0, 711, 0, 2], 'De la virgen y turistica': [13315, 0, 0, 1018, 79, 0, 15, 0, 8, 5, 0, 5, 1315, 0, 10]}","[6912, 0, 0, 0, 0, 0, 0, 0, 0, 0, 0, 0, 176, 0, 0]","[6996, 0, 0, 45, 4, 0, 0, 0, 0, 0, 0, 0, 231, 0, 0]","[12750, 0, 0, 816, 70, 0, 5, 0, 4, 1, 0, 1, 1091, 0, 0]","[8817, 0, 0, 530, 38, 0, 12, 0, 7, 1, 0, 1, 685, 0, 8]","[4922, 0, 0, 153, 12, 0, 2, 0, 1, 3, 0, 3, 257, 0, 9]","[31462, 930, 13, 3, 1700]","[0, 0, 0, 0, 0]",44405,50,0.830356941785835,0.5627969823218106,0.4664339601396239,3.580848790909974,2.427017577935321,2.0114596484412934,124,34,7,36,2,0,0,"{'Historica y del caribe norte': 0.0004091653027823241, 'De la virgen y turistica': 0.0009573653306101608, 'Industrial de la bahia': 6.054368226675546e-05}",0.00047290906634238616,"{'Historica y del caribe norte': 0.0, 'De la virgen y turistica': 0.041666666666666664, 'Industrial de la bahia': 0.0}",0.02857142857142857,1,"{'Historica y del caribe norte': 1, 'De la virgen y turistica': 4, 'Industrial de la bahia': 1}",0,"{'Historica y del caribe norte': 1, 'De la virgen y turistica': 2, 'Industrial de la bahia': 1}",{}
51,40265,1616,20,5,1591,2524,0.38366336633663367,"{'Historica y del caribe norte': [11588, 0, 0, 205, 11, 0, 2, 0, 2, 0, 0, 0, 425, 0, 5], 'Industrial de la bahia': [15451, 0, 0, 334, 16, 0, 3, 0, 2, 0, 0, 0, 729, 0, 2], 'De la virgen y turistica': [13226, 0, 0, 1052, 74, 0, 15, 0, 8, 5, 0, 5, 1370, 0, 11]}","[6912, 0, 0, 0, 0, 0, 0, 0, 0, 0, 0, 0, 176, 0, 0]","[6992, 0, 0, 44, 2, 0, 0, 0, 0, 0, 0, 0, 236, 0, 0]","[12684, 0, 0, 841, 52, 0, 5, 0, 3, 1, 0, 1, 1132, 0, 1]","[8773, 0, 0, 542, 35, 0, 13, 0, 8, 1, 0, 1, 716, 0, 8]","[4904, 0, 0, 164, 12, 0, 2, 0, 1, 3, 0, 3, 264, 0, 9]","[29901, 851, 13, 4, 1596]","[0, 0, 0, 0, 0]",44405,51,1.1072852156288706,0.7636302218218669,0.5757910145253913,4.083803986710963,2.8163621262458474,2.1235880398671094,101,35,8,40,2,0,0,"{'Historica y del caribe norte': 0.0004091653027823241, 'De la virgen y turistica': 0.0010211896859841716, 'Industrial de la bahia': 6.054368226675546e-05}",0.0004954285456920236,"{'Historica y del caribe norte': 0.0, 'De la virgen y turistica': 0.04, 'Industrial de la bahia': 0.0}",0.027777777777777776,1,"{'Historica y del caribe norte': 1, 'De la virgen y turistica': 4, 'Industrial de la bahia': 1}",0,"{'Historica y del caribe norte': 1, 'De la virgen y turistica': 2, 'Industrial de la bahia': 1}",{}
52,40066,1714,22,4,1688,2625,0.39498249708284716,"{'Historica y del caribe norte': [11574, 0, 0, 206, 15, 0, 2, 0, 2, 0, 0, 0, 438, 0, 5], 'Industrial de la bahia': [15404, 0, 0, 364, 41, 0, 3, 0, 2, 0, 0, 0, 746, 0, 2], 'De la virgen y turistica': [13088, 0, 0, 1118, 103, 0, 17, 0, 10, 4, 0, 4, 1441, 0, 12]}","[6912, 0, 0, 0, 0, 0, 0, 0, 0, 0, 0, 0, 176, 0, 0]","[6984, 0, 0, 50, 4, 0, 0, 0, 0, 0, 0, 0, 238, 0, 0]","[12572, 0, 0, 905, 86, 0, 5, 0, 3, 1, 0, 1, 1180, 0, 1]","[8715, 0, 0, 559, 48, 0, 13, 0, 9, 1, 0, 1, 757, 0, 8]","[4883, 0, 0, 174, 21, 0, 4, 0, 2, 2, 0, 2, 274, 0, 10]","[29447, 822, 9, 1, 1672]","[0, 0, 0, 0, 0]",44405,52,1.202724918365049,0.8080846751491949,0.6153586307848216,4.288341095230448,2.881242974144853,2.194074193030352,159,37,8,42,2,0,0,"{'Historica y del caribe norte': 0.0004091653027823241, 'De la virgen y turistica': 0.0010850140413581823, 'Industrial de la bahia': 6.054368226675546e-05}",0.0005179480250416611,"{'Historica y del caribe norte': 0.0, 'De la virgen y turistica': 0.037037037037037035, 'Industrial de la bahia': 0.0}",0.02631578947368421,1,"{'Historica y del caribe norte': 1, 'De la virgen y turistica': 4, 'Industrial de la bahia': 1}",0,"{'Historica y del caribe norte': 1, 'De la virgen y turistica': 2, 'Industrial de la bahia': 1}",{}
53,39913,1766,22,5,1739,2726,0.39750849377123443,"{'Historica y del caribe norte': [11558, 0, 0, 215, 13, 0, 2, 0, 2, 0, 0, 0, 445, 0, 5], 'Industrial de la bahia': [15369, 0, 0, 370, 39, 0, 3, 0, 2, 0, 0, 0, 775, 0, 2], 'De la virgen y turistica': [12986, 0, 0, 1154, 142, 0, 17, 0, 12, 5, 0, 5, 1506, 0, 12]}","[6912, 0, 0, 0, 0, 0, 0, 0, 0, 0, 0, 0, 176, 0, 0]","[6980, 0, 0, 51, 11, 0, 0, 0, 0, 0, 0, 0, 241, 0, 0]","[12483, 0, 0, 938, 110, 0, 5, 0, 3, 1, 0, 1, 1236, 0, 1]","[8664, 0, 0, 576, 58, 0, 13, 0, 11, 2, 0, 2, 790, 0, 8]","[4874, 0, 0, 174, 15, 0, 4, 0, 2, 2, 0, 2, 283, 0, 10]","[29514, 911, 14, 3, 1685]","[0, 0, 0, 0, 0]",44405,53,1.163877941673235,0.7899335660398604,0.6039184776489134,4.20931747841668,2.8568985176738884,2.184150513112885,194,40,6,41,2,0,0,"{'Historica y del caribe norte': 0.0004091653027823241, 'De la virgen y turistica': 0.0012764871074802144, 'Industrial de la bahia': 6.054368226675546e-05}",0.0005855064630905733,"{'Historica y del caribe norte': 0.0, 'De la virgen y turistica': 0.03333333333333333, 'Industrial de la bahia': 0.0}",0.024390243902439025,1,"{'Historica y del caribe norte': 1, 'De la virgen y turistica': 4, 'Industrial de la bahia': 1}",0,"{'Historica y del caribe norte': 1, 'De la virgen y turistica': 2, 'Industrial de la bahia': 1}",{}
54,39741,1841,24,3,1814,2822,0.4073872895165671,"{'Historica y del caribe norte': [11528, 0, 0, 229, 27, 0, 2, 0, 2, 0, 0, 0, 461, 0, 5], 'Industrial de la bahia': [15340, 0, 0, 371, 36, 0, 3, 0, 2, 0, 0, 0, 803, 0, 2], 'De la virgen y turistica': [12873, 0, 0, 1214, 86, 0, 19, 0, 13, 3, 0, 3, 1558, 0, 13]}","[6912, 0, 0, 0, 0, 0, 0, 0, 0, 0, 0, 0, 176, 0, 0]","[6979, 0, 0, 50, 0, 0, 0, 0, 0, 0, 0, 0, 243, 0, 0]","[12389, 0, 0, 990, 84, 0, 5, 0, 4, 1, 0, 1, 1278, 0, 1]","[8602, 0, 0, 598, 52, 0, 14, 0, 11, 1, 0, 1, 829, 0, 8]","[4859, 0, 0, 176, 13, 0, 5, 0, 2, 1, 0, 1, 296, 0, 11]","[28629, 857, 13, 1, 1736]","[0, 0, 0, 0, 0]",44404,54,1.3134852715971534,0.899220790919737,0.6535672461940366,4.429222357229648,3.032275212636695,2.2039034021871204,149,40,7,39,3,0,0,"{'Historica y del caribe norte': 0.0004091653027823241, 'De la virgen y turistica': 0.0013403970128295143, 'Industrial de la bahia': 6.054368226675546e-05}",0.0006080259424402108,"{'Historica y del caribe norte': 0.0, 'De la virgen y turistica': 0.06451612903225806, 'Industrial de la bahia': 0.0}",0.047619047619047616,2,"{'Historica y del caribe norte': 1, 'De la virgen y turistica': 4, 'Industrial de la bahia': 1}",1,"{'Historica y del caribe norte': 1, 'De la virgen y turistica': 2, 'Industrial de la bahia': 1}",{}
55,39684,1796,25,3,1768,2924,0.36915367483296213,"{'Historica y del caribe norte': [11526, 0, 0, 221, 13, 0, 2, 0, 2, 0, 0, 0, 471, 0, 5], 'Industrial de la bahia': [15329, 0, 0, 362, 22, 0, 3, 0, 3, 0, 0, 0, 823, 0, 2], 'De la virgen y turistica': [12829, 0, 0, 1185, 84, 0, 20, 0, 14, 3, 0, 3, 1630, 0, 13]}","[6912, 0, 0, 0, 0, 0, 0, 0, 0, 0, 0, 0, 176, 0, 0]","[6977, 0, 0, 49, 2, 0, 0, 0, 0, 0, 0, 0, 246, 0, 0]","[12359, 0, 0, 966, 65, 0, 5, 0, 5, 1, 0, 1, 1332, 0, 1]","[8582, 0, 0, 581, 45, 0, 15, 0, 12, 1, 0, 1, 865, 0, 8]","[4854, 0, 0, 172, 7, 0, 5, 0, 2, 1, 0, 1, 305, 0, 11]","[33352, 1253, 22, 1, 2223]","[0, 0, 0, 0, 0]",44404,55,0.4572110620664805,0.31017475903071795,0.3136654355463472,2.68793856745664,1.8235138355620284,1.8440354825896994,119,42,6,42,3,0,0,"{'Historica y del caribe norte': 0.0004091653027823241, 'De la virgen y turistica': 0.001404225442011872, 'Industrial de la bahia': 0.00012108736453351092}",0.0006530649011394857,"{'Historica y del caribe norte': 0.0, 'De la virgen y turistica': 0.0625, 'Industrial de la bahia': 0.0}",0.045454545454545456,2,"{'Historica y del caribe norte': 1, 'De la virgen y turistica': 4, 'Industrial de la bahia': 1}",1,"{'Historica y del caribe norte': 1, 'De la virgen y turistica': 2, 'Industrial de la bahia': 1}",{}
56,39498,1890,28,3,1859,3016,0.37936507936507935,"{'Historica y del caribe norte': [11493, 0, 0, 240, 15, 0, 2, 0, 2, 0, 0, 0, 485, 0, 5], 'Industrial de la bahia': [15293, 0, 0, 383, 19, 0, 4, 0, 3, 0, 0, 0, 837, 0, 2], 'De la virgen y turistica': [12712, 0, 0, 1236, 81, 0, 22, 0, 15, 3, 0, 3, 1694, 0, 14]}","[6912, 0, 0, 0, 0, 0, 0, 0, 0, 0, 0, 0, 176, 0, 0]","[6975, 0, 0, 51, 2, 0, 0, 0, 0, 0, 0, 0, 246, 0, 0]","[12268, 0, 0, 1015, 60, 0, 4, 0, 4, 1, 0, 1, 1375, 0, 2]","[8513, 0, 0, 609, 40, 0, 17, 0, 12, 1, 0, 1, 904, 0, 8]","[4830, 0, 0, 184, 13, 0, 7, 0, 4, 1, 0, 1, 315, 0, 11]","[28424, 924, 15, 2, 1779]","[0, 0, 0, 0, 0]",44404,56,1.3383478965858933,0.9098955049094676,0.6658859562201603,4.481749622926094,3.0469834087481145,2.2298642533936652,115,44,8,46,3,0,0,"{'Historica y del caribe norte': 0.0004091653027823241, 'De la virgen y turistica': 0.001404225442011872, 'Industrial de la bahia': 0.00012108736453351092}",0.0006530649011394857,"{'Historica y del caribe norte': 0.0, 'De la virgen y turistica': 0.058823529411764705, 'Industrial de la bahia': 0.0}",0.043478260869565216,2,"{'Historica y del caribe norte': 1, 'De la virgen y turistica': 4, 'Industrial de la bahia': 1}",1,"{'Historica y del caribe norte': 1, 'De la virgen y turistica': 2, 'Industrial de la bahia': 1}",{}
57,39447,1832,30,3,1799,3125,0.33897379912663755,"{'Historica y del caribe norte': [11489, 0, 0, 229, 23, 0, 3, 0, 2, 0, 0, 0, 499, 0, 5], 'Industrial de la bahia': [15277, 0, 0, 374, 25, 0, 4, 0, 3, 0, 0, 0, 862, 0, 2], 'De la virgen y turistica': [12681, 0, 0, 1196, 73, 0, 23, 0, 16, 3, 0, 3, 1764, 0, 14]}","[6912, 0, 0, 0, 0, 0, 0, 0, 0, 0, 0, 0, 176, 0, 0]","[6970, 0, 0, 53, 4, 0, 0, 0, 0, 0, 0, 0, 249, 0, 0]","[12246, 0, 0, 969, 55, 0, 4, 0, 4, 1, 0, 1, 1443, 0, 2]","[8491, 0, 0, 603, 48, 0, 19, 0, 13, 1, 0, 1, 930, 0, 8]","[4828, 0, 0, 174, 14, 0, 7, 0, 4, 1, 0, 1, 327, 0, 11]","[33134, 1287, 23, 2, 2408]","[0, 0, 0, 0, 0]",44404,57,0.4627511035041888,0.31103053778938833,0.31335014863525806,2.72158940397351,1.829271523178808,1.8429139072847682,121,45,9,46,3,0,0,"{'Historica y del caribe norte': 0.0004091653027823241, 'De la virgen y turistica': 0.00146805387119423, 'Industrial de la bahia': 0.00012108736453351092}",0.0006755843804891231,"{'Historica y del caribe norte': 0.0, 'De la virgen y turistica': 0.05714285714285714, 'Industrial de la bahia': 0.0}",0.0425531914893617,2,"{'Historica y del caribe norte': 1, 'De la virgen y turistica': 4, 'Industrial de la bahia': 1}",1,"{'Historica y del caribe norte': 1, 'De la virgen y turistica': 2, 'Industrial de la bahia': 1}",{}
58,39249,1916,34,1,1881,3239,0.36430062630480164,"{'Historica y del caribe norte': [11471, 0, 0, 237, 7, 0, 3, 0, 2, 0, 0, 0, 509, 0, 5], 'Industrial de la bahia': [15231, 0, 0, 403, 35, 0, 4, 0, 3, 0, 0, 0, 879, 0, 2], 'De la virgen y turistica': [12547, 0, 0, 1241, 95, 0, 27, 0, 18, 1, 0, 1, 1851, 0, 16]}","[6912, 0, 0, 0, 0, 0, 0, 0, 0, 0, 0, 0, 176, 0, 0]","[6962, 0, 0, 59, 7, 0, 0, 0, 0, 0, 0, 0, 251, 0, 0]","[12151, 0, 0, 999, 61, 0, 7, 0, 4, 0, 0, 0, 1506, 0, 3]","[8420, 0, 0, 637, 55, 0, 19, 0, 14, 1, 0, 1, 967, 0, 8]","[4804, 0, 0, 186, 14, 0, 8, 0, 5, 0, 0, 0, 339, 0, 12]","[28281, 882, 13, 1, 1883]","[0, 0, 0, 0, 0]",44404,58,1.338122691649401,0.9195567966849834,0.6558418160526078,4.452787769784172,3.0599520383693046,2.1824040767386093,137,47,11,52,3,0,0,"{'Historica y del caribe norte': 0.0004091653027823241, 'De la virgen y turistica': 0.0015318823003765878, 'Industrial de la bahia': 0.00012108736453351092}",0.0006981038598387606,"{'Historica y del caribe norte': 0.0, 'De la virgen y turistica': 0.05405405405405406, 'Industrial de la bahia': 0.0}",0.04081632653061224,2,"{'Historica y del caribe norte': 1, 'De la virgen y turistica': 4, 'Industrial de la bahia': 1}",1,"{'Historica y del caribe norte': 1, 'De la virgen y turistica': 2, 'Industrial de la bahia': 1}",{}
59,39069,1993,32,1,1960,3342,0.38986452584044157,"{'Historica y del caribe norte': [11455, 0, 0, 245, 19, 0, 3, 0, 2, 0, 0, 0, 517, 0, 5], 'Industrial de la bahia': [15187, 0, 0, 427, 48, 0, 3, 0, 2, 0, 0, 0, 900, 0, 3], 'De la virgen y turistica': [12427, 0, 0, 1288, 120, 0, 26, 0, 18, 1, 0, 1, 1925, 0, 17]}","[6912, 0, 0, 0, 0, 0, 0, 0, 0, 0, 0, 0, 176, 0, 0]","[6957, 0, 0, 61, 5, 0, 0, 0, 0, 0, 0, 0, 254, 0, 0]","[12049, 0, 0, 1048, 102, 0, 7, 0, 4, 0, 0, 0, 1559, 0, 3]","[8365, 0, 0, 658, 57, 0, 17, 0, 13, 1, 0, 1, 1003, 0, 10]","[4786, 0, 0, 193, 23, 0, 8, 0, 5, 0, 0, 0, 350, 0, 12]","[28279, 969, 11, 1, 2019]","[0, 0, 0, 0, 0]",44404,59,1.3165705792270967,0.887194847311053,0.6535222052067381,4.454171428571429,3.0015238095238095,2.2109714285714284,187,48,10,51,3,0,0,"{'Historica y del caribe norte': 0.0004091653027823241, 'De la virgen y turistica': 0.0015957107295589456, 'Industrial de la bahia': 0.00012108736453351092}",0.000720623339188398,"{'Historica y del caribe norte': 0.0, 'De la virgen y turistica': 0.05263157894736842, 'Industrial de la bahia': 0.0}",0.04,2,"{'Historica y del caribe norte': 1, 'De la virgen y turistica': 4, 'Industrial de la bahia': 1}",1,"{'Historica y del caribe norte': 1, 'De la virgen y turistica': 2, 'Industrial de la bahia': 1}",{}
60,38895,2057,29,2,2026,3452,0.3762761302868255,"{'Historica y del caribe norte': [11428, 0, 0, 254, 21, 0, 3, 0, 2, 0, 0, 0, 535, 0, 5], 'Industrial de la bahia': [15150, 0, 0, 442, 34, 0, 2, 0, 2, 0, 0, 0, 923, 0, 4], 'De la virgen y turistica': [12317, 0, 0, 1330, 112, 0, 24, 0, 19, 2, 0, 2, 1994, 0, 18]}","[6912, 0, 0, 0, 0, 0, 0, 0, 0, 0, 0, 0, 176, 0, 0]","[6949, 0, 0, 63, 6, 0, 0, 0, 0, 0, 0, 0, 260, 0, 0]","[11948, 0, 0, 1083, 95, 0, 6, 0, 3, 0, 0, 0, 1626, 0, 4]","[8306, 0, 0, 688, 56, 0, 16, 0, 14, 2, 0, 2, 1032, 0, 10]","[4780, 0, 0, 192, 10, 0, 7, 0, 6, 0, 0, 0, 358, 0, 13]","[28220, 1005, 21, 1, 2011]","[0, 0, 0, 0, 0]",44404,60,1.329857670480137,0.8919691919646878,0.6473065489595532,4.491936710786551,3.0128556214818194,2.186444545869466,167,52,6,51,3,0,0,"{'Historica y del caribe norte': 0.0004091653027823241, 'De la virgen y turistica': 0.001723367587923661, 'Industrial de la bahia': 0.00012108736453351092}",0.0007656622978876728,"{'Historica y del caribe norte': 0.0, 'De la virgen y turistica': 0.04878048780487805, 'Industrial de la bahia': 0.0}",0.037037037037037035,2,"{'Historica y del caribe norte': 1, 'De la virgen y turistica': 4, 'Industrial de la bahia': 1}",1,"{'Historica y del caribe norte': 1, 'De la virgen y turistica': 2, 'Industrial de la bahia': 1}",{}
61,38721,2124,31,3,2090,3559,0.3822975517890772,"{'Historica y del caribe norte': [11401, 0, 0, 268, 26, 0, 4, 0, 3, 0, 0, 0, 547, 0, 5], 'Industrial de la bahia': [15119, 0, 0, 443, 42, 0, 2, 0, 2, 0, 0, 0, 953, 0, 4], 'De la virgen y turistica': [12201, 0, 0, 1379, 117, 0, 25, 0, 19, 3, 0, 3, 2059, 0, 18]}","[6912, 0, 0, 0, 0, 0, 0, 0, 0, 0, 0, 0, 176, 0, 0]","[6944, 0, 0, 62, 7, 0, 0, 0, 0, 0, 0, 0, 266, 0, 0]","[11861, 0, 0, 1113, 100, 0, 7, 0, 3, 0, 0, 0, 1682, 0, 4]","[8244, 0, 0, 713, 66, 0, 17, 0, 16, 2, 0, 2, 1068, 0, 10]","[4760, 0, 0, 202, 12, 0, 7, 0, 5, 1, 0, 1, 367, 0, 13]","[28366, 1045, 17, 2, 2109]","[0, 0, 0, 0, 0]",44404,61,1.2688271326907485,0.8624898657778578,0.64075308530763,4.379401476875243,2.9769141080450834,2.2115818111154293,185,54,7,54,4,0,0,"{'Historica y del caribe norte': 0.0004909983633387888, 'De la virgen y turistica': 0.001787196017106019, 'Industrial de la bahia': 0.00012108736453351092}",0.0008107012565869477,"{'Historica y del caribe norte': 0.0, 'De la virgen y turistica': 0.047619047619047616, 'Industrial de la bahia': 0.0}",0.03571428571428571,2,"{'Historica y del caribe norte': 1, 'De la virgen y turistica': 4, 'Industrial de la bahia': 1}",1,"{'Historica y del caribe norte': 1, 'De la virgen y turistica': 2, 'Industrial de la bahia': 1}",{}
62,38524,2199,33,3,2163,3681,0.3865393360618463,"{'Historica y del caribe norte': [11367, 0, 0, 289, 36, 0, 4, 0, 3, 0, 0, 0, 560, 0, 5], 'Industrial de la bahia': [15076, 0, 0, 461, 37, 0, 2, 0, 2, 0, 0, 0, 978, 0, 4], 'De la virgen y turistica': [12081, 0, 0, 1413, 120, 0, 27, 0, 23, 3, 0, 3, 2143, 0, 18]}","[6912, 0, 0, 0, 0, 0, 0, 0, 0, 0, 0, 0, 176, 0, 0]","[6940, 0, 0, 64, 5, 0, 0, 0, 0, 0, 0, 0, 268, 0, 0]","[11766, 0, 0, 1145, 84, 0, 9, 0, 6, 0, 0, 0, 1743, 0, 4]","[8168, 0, 0, 744, 78, 0, 17, 0, 16, 2, 0, 2, 1113, 0, 10]","[4738, 0, 0, 210, 26, 0, 7, 0, 6, 1, 0, 1, 381, 0, 13]","[27708, 1051, 17, 2, 2115]","[0, 0, 0, 0, 0]",44404,62,1.3910908927123682,0.9467165120259436,0.671155751734078,4.571830360447043,3.111390718673673,2.205758271038413,193,58,5,54,5,0,0,"{'Historica y del caribe norte': 0.0004909983633387888, 'De la virgen y turistica': 0.0019786813046530926, 'Industrial de la bahia': 0.00012108736453351092}",0.0008782596946358601,"{'Historica y del caribe norte': 0.0, 'De la virgen y turistica': 0.043478260869565216, 'Industrial de la bahia': 0.0}",0.03333333333333333,2,"{'Historica y del caribe norte': 1, 'De la virgen y turistica': 4, 'Industrial de la bahia': 1}",1,"{'Historica y del caribe norte': 1, 'De la virgen y turistica': 2, 'Industrial de la bahia': 1}",{}
63,38315,2282,34,4,2244,3807,0.3803680981595092,"{'Historica y del caribe norte': [11340, 0, 0, 290, 31, 0, 4, 0, 3, 0, 0, 0, 586, 0, 5], 'Industrial de la bahia': [15040, 0, 0, 469, 34, 0, 3, 0, 2, 0, 0, 0, 1005, 0, 4], 'De la virgen y turistica': [11935, 0, 0, 1485, 131, 0, 27, 0, 22, 4, 0, 4, 2216, 0, 18]}","[6912, 0, 0, 0, 0, 0, 0, 0, 0, 0, 0, 0, 176, 0, 0]","[6934, 0, 0, 67, 6, 0, 0, 0, 0, 0, 0, 0, 271, 0, 0]","[11653, 0, 0, 1189, 111, 0, 9, 0, 6, 0, 0, 0, 1812, 0, 4]","[8098, 0, 0, 770, 61, 0, 18, 0, 16, 2, 0, 2, 1156, 0, 10]","[4718, 0, 0, 218, 18, 0, 7, 0, 5, 2, 0, 2, 392, 0, 13]","[27621, 1055, 16, 3, 2187]","[0, 0, 0, 0, 0]",44404,63,1.3792451130528782,0.9365147284028466,0.6811323304206828,4.529211655080609,3.0753586747522554,2.236725336488685,196,58,7,58,5,0,0,"{'Historica y del caribe norte': 0.0004909983633387888, 'De la virgen y turistica': 0.0019786813046530926, 'Industrial de la bahia': 0.00012108736453351092}",0.0008782596946358601,"{'Historica y del caribe norte': 0.0, 'De la virgen y turistica': 0.043478260869565216, 'Industrial de la bahia': 0.0}",0.03333333333333333,2,"{'Historica y del caribe norte': 1, 'De la virgen y turistica': 4, 'Industrial de la bahia': 1}",1,"{'Historica y del caribe norte': 1, 'De la virgen y turistica': 2, 'Industrial de la bahia': 1}",{}
64,38243,2231,38,4,2189,3930,0.3603765127745406,"{'Historica y del caribe norte': [11329, 0, 0, 278, 16, 0, 3, 0, 2, 0, 0, 0, 610, 0, 6], 'Industrial de la bahia': [15022, 0, 0, 464, 27, 0, 5, 0, 2, 0, 0, 0, 1026, 0, 4], 'De la virgen y turistica': [11892, 0, 0, 1447, 97, 0, 30, 0, 22, 4, 0, 4, 2294, 0, 18]}","[6912, 0, 0, 0, 0, 0, 0, 0, 0, 0, 0, 0, 176, 0, 0]","[6931, 0, 0, 66, 4, 0, 0, 0, 0, 0, 0, 0, 275, 0, 0]","[11608, 0, 0, 1163, 83, 0, 10, 0, 6, 0, 0, 0, 1882, 0, 4]","[8084, 0, 0, 744, 40, 0, 20, 0, 15, 2, 0, 2, 1194, 0, 11]","[4708, 0, 0, 216, 13, 0, 8, 0, 5, 2, 0, 2, 403, 0, 13]","[31738, 1521, 28, 1, 2900]","[0, 0, 0, 0, 0]",44404,64,0.5369336095847221,0.36035041888118186,0.34375281506170613,2.901898734177215,1.9475413826679648,1.857838364167478,140,58,12,60,5,0,0,"{'Historica y del caribe norte': 0.0004909983633387888, 'De la virgen y turistica': 0.0019786813046530926, 'Industrial de la bahia': 0.00012108736453351092}",0.0008782596946358601,"{'Historica y del caribe norte': 0.0, 'De la virgen y turistica': 0.043478260869565216, 'Industrial de la bahia': 0.0}",0.03333333333333333,2,"{'Historica y del caribe norte': 1, 'De la virgen y turistica': 4, 'Industrial de la bahia': 1}",1,"{'Historica y del caribe norte': 1, 'De la virgen y turistica': 2, 'Industrial de la bahia': 1}",{}
65,38040,2337,40,3,2294,4027,0.38296961916987593,"{'Historica y del caribe norte': [11308, 0, 0, 288, 13, 0, 3, 0, 3, 0, 0, 0, 621, 0, 6], 'Industrial de la bahia': [14966, 0, 0, 506, 42, 0, 5, 0, 2, 0, 0, 0, 1040, 0, 4], 'De la virgen y turistica': [11766, 0, 0, 1500, 79, 0, 32, 0, 24, 3, 0, 3, 2366, 0, 19]}","[6912, 0, 0, 0, 0, 0, 0, 0, 0, 0, 0, 0, 176, 0, 0]","[6927, 0, 0, 68, 4, 0, 0, 0, 0, 0, 0, 0, 277, 0, 0]","[11508, 0, 0, 1211, 64, 0, 11, 0, 7, 0, 0, 0, 1933, 0, 4]","[8006, 0, 0, 790, 53, 0, 20, 0, 16, 1, 0, 1, 1227, 0, 12]","[4687, 0, 0, 225, 13, 0, 9, 0, 6, 2, 0, 2, 414, 0, 13]","[27678, 1140, 22, 2, 2394]","[0, 0, 0, 0, 0]",44404,65,1.3215701288172237,0.8977344383388884,0.6545356274209531,4.456485419198056,3.027263061968408,2.207168894289186,134,61,11,63,5,0,0,"{'Historica y del caribe norte': 0.0005728314238952536, 'De la virgen y turistica': 0.0020425097338354504, 'Industrial de la bahia': 0.00012108736453351092}",0.0009232986533351349,"{'Historica y del caribe norte': 0.0, 'De la virgen y turistica': 0.041666666666666664, 'Industrial de la bahia': 0.0}",0.031746031746031744,2,"{'Historica y del caribe norte': 1, 'De la virgen y turistica': 4, 'Industrial de la bahia': 1}",1,"{'Historica y del caribe norte': 1, 'De la virgen y turistica': 2, 'Industrial de la bahia': 1}",{}
66,37817,2401,41,4,2356,4186,0.37276134943773426,"{'Historica y del caribe norte': [11283, 0, 0, 298, 27, 0, 3, 0, 3, 0, 0, 0, 636, 0, 6], 'Industrial de la bahia': [14903, 0, 0, 528, 51, 0, 4, 0, 1, 0, 0, 0, 1082, 0, 5], 'De la virgen y turistica': [11631, 0, 0, 1530, 137, 0, 34, 0, 24, 4, 0, 4, 2468, 0, 20]}","[6912, 0, 0, 0, 0, 0, 0, 0, 0, 0, 0, 0, 176, 0, 0]","[6924, 0, 0, 67, 2, 0, 0, 0, 0, 0, 0, 0, 281, 0, 0]","[11403, 0, 0, 1231, 106, 0, 11, 0, 9, 0, 0, 0, 2018, 0, 4]","[7909, 0, 0, 836, 81, 0, 21, 0, 14, 1, 0, 1, 1277, 0, 14]","[4669, 0, 0, 222, 26, 0, 9, 0, 5, 3, 0, 3, 434, 0, 13]","[27636, 1152, 21, 2, 2419]","[0, 0, 0, 0, 0]",44404,66,1.3200162147554275,0.8887037203855509,0.6556616521034141,4.449218156975862,2.995445574616669,2.20995901017155,215,63,13,66,5,0,0,"{'Historica y del caribe norte': 0.0005728314238952536, 'De la virgen y turistica': 0.002170166592200166, 'Industrial de la bahia': 0.00012108736453351092}",0.0009683376120344098,"{'Historica y del caribe norte': 0.0, 'De la virgen y turistica': 0.04, 'Industrial de la bahia': 0.0}",0.03076923076923077,2,"{'Historica y del caribe norte': 1, 'De la virgen y turistica': 4, 'Industrial de la bahia': 1}",1,"{'Historica y del caribe norte': 1, 'De la virgen y turistica': 2, 'Industrial de la bahia': 1}",{}
67,37615,2412,44,4,2364,4377,0.35903814262023215,"{'Historica y del caribe norte': [11255, 0, 0, 313, 23, 0, 3, 0, 3, 0, 0, 0, 649, 0, 6], 'Industrial de la bahia': [14853, 0, 0, 538, 66, 0, 5, 0, 2, 0, 0, 0, 1121, 0, 5], 'De la virgen y turistica': [11507, 0, 0, 1513, 113, 0, 36, 0, 24, 4, 0, 4, 2607, 0, 21]}","[6912, 0, 0, 0, 0, 0, 0, 0, 0, 0, 0, 0, 176, 0, 0]","[6923, 0, 0, 57, 2, 0, 0, 0, 0, 0, 0, 0, 292, 0, 0]","[11296, 0, 0, 1227, 103, 0, 12, 0, 9, 0, 0, 0, 2128, 0, 4]","[7835, 0, 0, 853, 85, 0, 22, 0, 14, 1, 0, 1, 1333, 0, 15]","[4649, 0, 0, 227, 12, 0, 10, 0, 6, 3, 0, 3, 448, 0, 13]","[27416, 1181, 22, 2, 2529]","[0, 0, 0, 0, 0]",44404,67,1.335667957841636,0.8998738852355643,0.6618998288442483,4.4748000603591365,3.014787988531764,2.2175192394748757,202,65,15,67,6,0,0,"{'Historica y del caribe norte': 0.0005728314238952536, 'De la virgen y turistica': 0.0022339950213825237, 'Industrial de la bahia': 0.00012108736453351092}",0.0009908570913840472,"{'Historica y del caribe norte': 0.0, 'De la virgen y turistica': 0.0392156862745098, 'Industrial de la bahia': 0.0}",0.029850746268656716,2,"{'Historica y del caribe norte': 1, 'De la virgen y turistica': 4, 'Industrial de la bahia': 1}",1,"{'Historica y del caribe norte': 1, 'De la virgen y turistica': 2, 'Industrial de la bahia': 1}",{}
68,37423,2457,43,4,2410,4524,0.35734635734635734,"{'Historica y del caribe norte': [11232, 0, 0, 309, 31, 0, 3, 0, 3, 0, 0, 0, 676, 0, 6], 'Industrial de la bahia': [14807, 0, 0, 549, 46, 0, 5, 0, 4, 0, 0, 0, 1156, 0, 5], 'De la virgen y turistica': [11384, 0, 0, 1552, 130, 0, 35, 0, 25, 4, 0, 4, 2692, 0, 23]}","[6912, 0, 0, 0, 0, 0, 0, 0, 0, 0, 0, 0, 176, 0, 0]","[6918, 0, 0, 62, 5, 0, 0, 0, 0, 0, 0, 0, 292, 0, 0]","[11196, 0, 0, 1243, 110, 0, 13, 0, 10, 0, 0, 0, 2211, 0, 4]","[7775, 0, 0, 863, 66, 0, 20, 0, 15, 1, 0, 1, 1385, 0, 17]","[4622, 0, 0, 242, 26, 0, 10, 0, 7, 3, 0, 3, 460, 0, 13]","[27432, 1162, 25, 2, 2682]","[0, 0, 0, 0, 0]",44404,68,1.3138681199891902,0.8773083505990451,0.6674623907756058,4.453171513624914,2.9735134722540266,2.262270055720937,207,70,11,67,6,0,0,"{'Historica y del caribe norte': 0.0005728314238952536, 'De la virgen y turistica': 0.0024254803089295974, 'Industrial de la bahia': 0.0001816310468002664}",0.001080935008782597,"{'Historica y del caribe norte': 0.0, 'De la virgen y turistica': 0.037037037037037035, 'Industrial de la bahia': 0.0}",0.027777777777777776,2,"{'Historica y del caribe norte': 1, 'De la virgen y turistica': 4, 'Industrial de la bahia': 1}",1,"{'Historica y del caribe norte': 1, 'De la virgen y turistica': 2, 'Industrial de la bahia': 1}",{}
69,37213,2546,40,5,2501,4645,0.36724273369992144,"{'Historica y del caribe norte': [11196, 0, 0, 331, 25, 0, 4, 0, 3, 0, 0, 0, 689, 0, 6], 'Industrial de la bahia': [14754, 0, 0, 580, 62, 0, 4, 0, 3, 1, 0, 1, 1178, 0, 5], 'De la virgen y turistica': [11263, 0, 0, 1590, 131, 0, 32, 0, 24, 4, 0, 4, 2778, 0, 26]}","[6912, 0, 0, 0, 0, 0, 0, 0, 0, 0, 0, 0, 176, 0, 0]","[6910, 0, 0, 68, 6, 0, 0, 0, 0, 0, 0, 0, 294, 0, 0]","[11088, 0, 0, 1287, 108, 0, 12, 0, 10, 0, 0, 0, 2276, 0, 5]","[7700, 0, 0, 892, 78, 0, 19, 0, 13, 1, 0, 1, 1432, 0, 19]","[4603, 0, 0, 254, 26, 0, 9, 0, 7, 4, 0, 4, 467, 0, 13]","[26954, 1206, 19, 2, 2616]","[0, 0, 0, 0, 0]",44404,69,1.4127105666156201,0.9505675164399604,0.6846905684172597,4.61012714044242,3.1020063202763284,2.2343646652458293,218,72,10,67,6,0,0,"{'Historica y del caribe norte': 0.0005728314238952536, 'De la virgen y turistica': 0.002489308738111955, 'Industrial de la bahia': 0.0001816310468002664}",0.0011034544881322343,"{'Historica y del caribe norte': 0.0, 'De la virgen y turistica': 0.03571428571428571, 'Industrial de la bahia': 0.0}",0.02702702702702703,2,"{'Historica y del caribe norte': 1, 'De la virgen y turistica': 4, 'Industrial de la bahia': 1}",1,"{'Historica y del caribe norte': 1, 'De la virgen y turistica': 2, 'Industrial de la bahia': 1}",{}
70,37028,2617,42,5,2570,4759,0.3786778754298815,"{'Historica y del caribe norte': [11172, 0, 0, 341, 29, 0, 4, 0, 3, 0, 0, 0, 703, 0, 6], 'Industrial de la bahia': [14708, 0, 0, 607, 35, 0, 4, 0, 3, 1, 0, 1, 1197, 0, 5], 'De la virgen y turistica': [11148, 0, 0, 1622, 111, 0, 34, 0, 28, 4, 0, 4, 2859, 0, 26]}","[6912, 0, 0, 0, 0, 0, 0, 0, 0, 0, 0, 0, 176, 0, 0]","[6905, 0, 0, 71, 5, 0, 0, 0, 0, 0, 0, 0, 296, 0, 0]","[10973, 0, 0, 1341, 100, 0, 13, 0, 10, 0, 0, 0, 2336, 0, 5]","[7650, 0, 0, 903, 52, 0, 19, 0, 16, 1, 0, 1, 1471, 0, 19]","[4588, 0, 0, 255, 18, 0, 10, 0, 8, 4, 0, 4, 480, 0, 13]","[27127, 1290, 26, 1, 2781]","[0, 0, 0, 0, 0]",44404,70,1.3381902531303487,0.8972840284659039,0.6597378614539231,4.508763942636012,3.02321875711359,2.2228545413157295,175,76,8,67,7,0,0,"{'Historica y del caribe norte': 0.0005728314238952536, 'De la virgen y turistica': 0.0026807940256590285, 'Industrial de la bahia': 0.0001816310468002664}",0.0011710129261811467,"{'Historica y del caribe norte': 0.0, 'De la virgen y turistica': 0.03333333333333333, 'Industrial de la bahia': 0.0}",0.02564102564102564,2,"{'Historica y del caribe norte': 1, 'De la virgen y turistica': 4, 'Industrial de la bahia': 1}",1,"{'Historica y del caribe norte': 1, 'De la virgen y turistica': 2, 'Industrial de la bahia': 1}",{}
71,36954,2571,41,6,2524,4879,0.36133800077790745,"{'Historica y del caribe norte': [11161, 0, 0, 329, 20, 0, 4, 0, 3, 0, 0, 0, 726, 0, 6], 'Industrial de la bahia': [14685, 0, 0, 605, 37, 0, 4, 0, 4, 1, 0, 1, 1222, 0, 5], 'De la virgen y turistica': [11108, 0, 0, 1590, 78, 0, 33, 0, 29, 5, 0, 5, 2931, 0, 27]}","[6912, 0, 0, 0, 0, 0, 0, 0, 0, 0, 0, 0, 176, 0, 0]","[6904, 0, 0, 68, 4, 0, 0, 0, 0, 0, 0, 0, 300, 0, 0]","[10934, 0, 0, 1326, 82, 0, 13, 0, 11, 0, 0, 0, 2390, 0, 5]","[7624, 0, 0, 881, 40, 0, 17, 0, 16, 2, 0, 2, 1520, 0, 20]","[4580, 0, 0, 249, 9, 0, 11, 0, 9, 4, 0, 4, 493, 0, 13]","[30977, 1738, 27, 3, 3593]","[0, 0, 0, 0, 0]",44404,71,0.5170930546797586,0.34861724168993785,0.33949644176200344,2.8466402181998514,1.9191668732953138,1.8689561120753782,135,80,5,67,7,0,0,"{'Historica y del caribe norte': 0.0005728314238952536, 'De la virgen y turistica': 0.002872279313206102, 'Industrial de la bahia': 0.0001816310468002664}",0.001238571364230059,"{'Historica y del caribe norte': 0.0, 'De la virgen y turistica': 0.031746031746031744, 'Industrial de la bahia': 0.0}",0.024390243902439025,2,"{'Historica y del caribe norte': 1, 'De la virgen y turistica': 4, 'Industrial de la bahia': 1}",1,"{'Historica y del caribe norte': 1, 'De la virgen y turistica': 2, 'Industrial de la bahia': 1}",{}
72,36722,2667,40,8,2619,5015,0.3753280839895013,"{'Historica y del caribe norte': [11123, 0, 0, 360, 21, 0, 4, 0, 3, 0, 0, 0, 733, 0, 6], 'Industrial de la bahia': [14619, 0, 0, 636, 40, 0, 3, 0, 3, 2, 0, 2, 1257, 0, 5], 'De la virgen y turistica': [10980, 0, 0, 1623, 91, 0, 33, 0, 29, 6, 0, 6, 3025, 0, 27]}","[6912, 0, 0, 0, 0, 0, 0, 0, 0, 0, 0, 0, 176, 0, 0]","[6899, 0, 0, 66, 3, 0, 0, 0, 0, 0, 0, 0, 307, 0, 0]","[10814, 0, 0, 1385, 78, 0, 12, 0, 11, 1, 0, 1, 2451, 0, 5]","[7545, 0, 0, 905, 55, 0, 17, 0, 16, 2, 0, 2, 1575, 0, 20]","[4552, 0, 0, 263, 16, 0, 11, 0, 8, 5, 0, 5, 506, 0, 13]","[26759, 1224, 22, 0, 2816]","[0, 0, 0, 0, 0]",44404,72,1.3950770200882803,0.9526844428429871,0.6889469417169625,4.560627254656556,3.1144077155267613,2.252227048516528,152,81,5,67,7,0,0,"{'Historica y del caribe norte': 0.0005728314238952536, 'De la virgen y turistica': 0.00293610774238846, 'Industrial de la bahia': 0.0001816310468002664}",0.0012610908435796964,"{'Historica y del caribe norte': 0.0, 'De la virgen y turistica': 0.03125, 'Industrial de la bahia': 0.0}",0.024096385542168676,2,"{'Historica y del caribe norte': 1, 'De la virgen y turistica': 4, 'Industrial de la bahia': 1}",1,"{'Historica y del caribe norte': 1, 'De la virgen y turistica': 2, 'Industrial de la bahia': 1}",{}
73,36513,2686,39,8,2639,5205,0.3708116157855547,"{'Historica y del caribe norte': [11095, 0, 0, 369, 40, 0, 3, 0, 3, 0, 0, 0, 753, 0, 7], 'Industrial de la bahia': [14564, 0, 0, 642, 55, 0, 4, 0, 3, 2, 0, 2, 1305, 0, 5], 'De la virgen y turistica': [10854, 0, 0, 1628, 126, 0, 32, 0, 26, 6, 0, 6, 3147, 0, 30]}","[6912, 0, 0, 0, 0, 0, 0, 0, 0, 0, 0, 0, 176, 0, 0]","[6893, 0, 0, 67, 2, 0, 0, 0, 0, 0, 0, 0, 312, 0, 0]","[10705, 0, 0, 1392, 115, 0, 10, 0, 9, 1, 0, 1, 2555, 0, 7]","[7465, 0, 0, 927, 81, 0, 17, 0, 16, 2, 0, 2, 1633, 0, 21]","[4538, 0, 0, 253, 23, 0, 12, 0, 7, 5, 0, 5, 529, 0, 14]","[26903, 1333, 24, 5, 3003]","[0, 0, 0, 0, 0]",44404,73,1.320083776236375,0.8792225925592289,0.6621025132870912,4.462317295980512,2.9720615103532277,2.2381242387332523,221,82,7,67,7,0,0,"{'Historica y del caribe norte': 0.0006546644844517185, 'De la virgen y turistica': 0.00293610774238846, 'Industrial de la bahia': 0.0001816310468002664}",0.0012836103229293338,"{'Historica y del caribe norte': 0.0, 'De la virgen y turistica': 0.03125, 'Industrial de la bahia': 0.0}",0.023809523809523808,2,"{'Historica y del caribe norte': 1, 'De la virgen y turistica': 4, 'Industrial de la bahia': 1}",1,"{'Historica y del caribe norte': 1, 'De la virgen y turistica': 2, 'Industrial de la bahia': 1}",{}
74,36310,2722,39,8,2675,5372,0.36700955180014694,"{'Historica y del caribe norte': [11069, 0, 0, 374, 21, 0, 2, 0, 2, 1, 0, 1, 774, 0, 7], 'Industrial de la bahia': [14495, 0, 0, 676, 71, 0, 5, 0, 2, 1, 0, 1, 1340, 0, 7], 'De la virgen y turistica': [10746, 0, 0, 1625, 110, 0, 32, 0, 27, 6, 0, 6, 3258, 0, 31]}","[6912, 0, 0, 0, 0, 0, 0, 0, 0, 0, 0, 0, 176, 0, 0]","[6888, 0, 0, 66, 8, 0, 0, 0, 0, 0, 0, 0, 318, 0, 0]","[10599, 0, 0, 1402, 105, 0, 11, 0, 10, 1, 0, 1, 2650, 0, 7]","[7397, 0, 0, 940, 69, 0, 15, 0, 14, 3, 0, 3, 1689, 0, 22]","[4514, 0, 0, 267, 20, 0, 13, 0, 7, 4, 0, 4, 539, 0, 16]","[26783, 1340, 20, 3, 3108]","[0, 0, 0, 0, 0]",44404,74,1.324250067561481,0.8835240068462301,0.6573732096207549,4.471634980988593,2.9834220532319393,2.2197718631178707,202,84,8,67,6,0,0,"{'Historica y del caribe norte': 0.0006546644844517185, 'De la virgen y turistica': 0.002999936171570818, 'Industrial de la bahia': 0.0001816310468002664}",0.0013061298022789714,"{'Historica y del caribe norte': 0.0, 'De la virgen y turistica': 0.030303030303030304, 'Industrial de la bahia': 0.0}",0.023255813953488372,2,"{'Historica y del caribe norte': 1, 'De la virgen y turistica': 4, 'Industrial de la bahia': 1}",1,"{'Historica y del caribe norte': 1, 'De la virgen y turistica': 2, 'Industrial de la bahia': 1}",{}
75,36070,2777,40,8,2729,5557,0.3626215340295283,"{'Historica y del caribe norte': [11030, 0, 0, 386, 34, 0, 3, 0, 2, 1, 0, 1, 800, 0, 7], 'Industrial de la bahia': [14418, 0, 0, 711, 60, 0, 7, 0, 2, 1, 0, 1, 1380, 0, 7], 'De la virgen y turistica': [10622, 0, 0, 1632, 120, 0, 30, 0, 25, 6, 0, 6, 3377, 0, 34]}","[6912, 0, 0, 0, 0, 0, 0, 0, 0, 0, 0, 0, 176, 0, 0]","[6881, 0, 0, 66, 6, 0, 0, 0, 0, 0, 0, 0, 325, 0, 0]","[10479, 0, 0, 1423, 110, 0, 11, 0, 10, 1, 0, 1, 2749, 0, 7]","[7306, 0, 0, 963, 76, 0, 15, 0, 12, 3, 0, 3, 1757, 0, 24]","[4492, 0, 0, 277, 22, 0, 14, 0, 7, 4, 0, 4, 550, 0, 17]","[26691, 1339, 18, 3, 3207]","[0, 0, 0, 0, 0]",44404,75,1.2897486712908748,0.8860012611476443,0.6509098279434286,4.3564582382473755,2.9926973984481973,2.198615548455804,214,85,11,67,7,0,0,"{'Historica y del caribe norte': 0.0006546644844517185, 'De la virgen y turistica': 0.002999936171570818, 'Industrial de la bahia': 0.0001816310468002664}",0.0013061298022789714,"{'Historica y del caribe norte': 0.0, 'De la virgen y turistica': 0.029850746268656716, 'Industrial de la bahia': 0.0}",0.022988505747126436,2,"{'Historica y del caribe norte': 1, 'De la virgen y turistica': 4, 'Industrial de la bahia': 1}",1,"{'Historica y del caribe norte': 1, 'De la virgen y turistica': 2, 'Industrial de la bahia': 1}",{}
76,35862,2794,40,8,2746,5748,0.3625626342161775,"{'Historica y del caribe norte': [10999, 0, 0, 382, 34, 0, 3, 0, 2, 1, 0, 1, 835, 0, 7], 'Industrial de la bahia': [14372, 0, 0, 722, 77, 0, 7, 0, 2, 1, 0, 1, 1415, 0, 7], 'De la virgen y turistica': [10491, 0, 0, 1642, 119, 0, 30, 0, 24, 6, 0, 6, 3498, 0, 36]}","[6912, 0, 0, 0, 0, 0, 0, 0, 0, 0, 0, 0, 176, 0, 0]","[6878, 0, 0, 64, 7, 0, 0, 0, 0, 0, 0, 0, 330, 0, 0]","[10372, 0, 0, 1446, 116, 0, 10, 0, 9, 1, 0, 1, 2834, 0, 8]","[7229, 0, 0, 962, 89, 0, 16, 0, 11, 3, 0, 3, 1834, 0, 25]","[4471, 0, 0, 274, 18, 0, 14, 0, 8, 4, 0, 4, 574, 0, 17]","[25895, 1297, 24, 5, 3121]","[0, 0, 0, 0, 0]",44404,76,1.5076119268534367,1.0042338528060535,0.7218043419511756,4.760631489119613,3.1710994168681554,2.2792632626937848,230,86,12,67,7,0,0,"{'Historica y del caribe norte': 0.0006546644844517185, 'De la virgen y turistica': 0.002999936171570818, 'Industrial de la bahia': 0.0001816310468002664}",0.0013061298022789714,"{'Historica y del caribe norte': 0.0, 'De la virgen y turistica': 0.029411764705882353, 'Industrial de la bahia': 0.0}",0.022727272727272728,2,"{'Historica y del caribe norte': 1, 'De la virgen y turistica': 4, 'Industrial de la bahia': 1}",1,"{'Historica y del caribe norte': 1, 'De la virgen y turistica': 2, 'Industrial de la bahia': 1}",{}
77,35642,2817,40,7,2770,5945,0.34611288604898827,"{'Historica y del caribe norte': [10967, 0, 0, 383, 31, 0, 3, 0, 2, 1, 0, 1, 866, 0, 7], 'Industrial de la bahia': [14308, 0, 0, 751, 45, 0, 8, 0, 3, 1, 0, 1, 1449, 0, 7], 'De la virgen y turistica': [10367, 0, 0, 1636, 140, 0, 29, 0, 24, 5, 0, 5, 3630, 0, 39]}","[6912, 0, 0, 0, 0, 0, 0, 0, 0, 0, 0, 0, 176, 0, 0]","[6870, 0, 0, 66, 5, 0, 0, 0, 0, 0, 0, 0, 336, 0, 0]","[10256, 0, 0, 1451, 112, 0, 9, 0, 8, 1, 0, 1, 2946, 0, 9]","[7155, 0, 0, 976, 72, 0, 17, 0, 12, 2, 0, 2, 1894, 0, 26]","[4449, 0, 0, 277, 27, 0, 14, 0, 9, 4, 0, 4, 593, 0, 18]","[26248, 1373, 19, 3, 3311]","[0, 0, 0, 0, 0]",44404,77,1.3876002161967391,0.9284523916764256,0.6736555265291415,4.581040892193308,3.0652044609665428,2.224014869888476,216,89,11,67,7,0,0,"{'Historica y del caribe norte': 0.0006546644844517185, 'De la virgen y turistica': 0.0030637646007531756, 'Industrial de la bahia': 0.0001816310468002664}",0.0013286492816286088,"{'Historica y del caribe norte': 0.0, 'De la virgen y turistica': 0.02857142857142857, 'Industrial de la bahia': 0.0}",0.02197802197802198,2,"{'Historica y del caribe norte': 1, 'De la virgen y turistica': 4, 'Industrial de la bahia': 1}",1,"{'Historica y del caribe norte': 1, 'De la virgen y turistica': 2, 'Industrial de la bahia': 1}",{}
78,35582,2736,37,9,2690,6086,0.3223684210526316,"{'Historica y del caribe norte': [10957, 0, 0, 377, 24, 0, 3, 0, 2, 1, 0, 1, 882, 0, 7], 'Industrial de la bahia': [14297, 0, 0, 736, 41, 0, 7, 0, 4, 2, 0, 2, 1475, 0, 7], 'De la virgen y turistica': [10328, 0, 0, 1577, 73, 0, 27, 0, 21, 6, 0, 6, 3729, 0, 42]}","[6912, 0, 0, 0, 0, 0, 0, 0, 0, 0, 0, 0, 176, 0, 0]","[6866, 0, 0, 66, 5, 0, 0, 0, 0, 0, 0, 0, 340, 0, 0]","[10226, 0, 0, 1398, 71, 0, 9, 0, 9, 1, 0, 1, 3029, 0, 9]","[7137, 0, 0, 954, 50, 0, 16, 0, 10, 2, 0, 2, 1935, 0, 28]","[4441, 0, 0, 272, 12, 0, 12, 0, 8, 6, 0, 6, 606, 0, 19]","[29773, 1878, 27, 4, 4501]","[0, 0, 0, 0, 0]",44404,78,0.5372939374831096,0.36681380055850826,0.34807674984235654,2.902080038924705,1.981267485707335,1.8800632526456635,138,92,10,67,6,0,0,"{'Historica y del caribe norte': 0.0006546644844517185, 'De la virgen y turistica': 0.0031275930299355333, 'Industrial de la bahia': 0.0001816310468002664}",0.0013511687609782462,"{'Historica y del caribe norte': 0.0, 'De la virgen y turistica': 0.028169014084507043, 'Industrial de la bahia': 0.0}",0.02127659574468085,2,"{'Historica y del caribe norte': 1, 'De la virgen y turistica': 4, 'Industrial de la bahia': 1}",1,"{'Historica y del caribe norte': 1, 'De la virgen y turistica': 2, 'Industrial de la bahia': 1}",{}
79,35481,2702,36,10,2656,6220,0.31088082901554404,"{'Historica y del caribe norte': [10951, 0, 0, 369, 9, 0, 4, 0, 3, 1, 0, 1, 895, 0, 7], 'Industrial de la bahia': [14255, 0, 0, 736, 34, 0, 5, 0, 4, 4, 0, 4, 1517, 0, 7], 'De la virgen y turistica': [10275, 0, 0, 1551, 42, 0, 27, 0, 20, 5, 0, 5, 3808, 0, 44]}","[6912, 0, 0, 0, 0, 0, 0, 0, 0, 0, 0, 0, 176, 0, 0]","[6863, 0, 0, 65, 5, 0, 0, 0, 0, 0, 0, 0, 344, 0, 0]","[10174, 0, 0, 1386, 43, 0, 7, 0, 7, 1, 0, 1, 3095, 0, 11]","[7097, 0, 0, 939, 28, 0, 19, 0, 12, 2, 0, 2, 1987, 0, 28]","[4435, 0, 0, 266, 9, 0, 10, 0, 8, 7, 0, 7, 618, 0, 19]","[29854, 1794, 26, 8, 4544]","[0, 0, 0, 0, 0]",44403,79,0.5297615026011756,0.35765601423327253,0.34204896065581153,2.876727406139171,1.9421548245077658,1.8574049162284456,85,95,9,67,6,0,0,"{'Historica y del caribe norte': 0.0007364975450081834, 'De la virgen y turistica': 0.003127792672028597, 'Industrial de la bahia': 0.00024217472906702184}",0.0013962077196775211,"{'Historica y del caribe norte': 0.0, 'De la virgen y turistica': 0.041666666666666664, 'Industrial de la bahia': 0.0}",0.030612244897959183,3,"{'Historica y del caribe norte': 1, 'De la virgen y turistica': 4, 'Industrial de la bahia': 1}",1,"{'Historica y del caribe norte': 1, 'De la virgen y turistica': 2, 'Industrial de la bahia': 1}",{}
80,35214,2757,34,12,2711,6432,0.32317736670293795,"{'Historica y del caribe norte': [10910, 0, 0, 384, 31, 0, 4, 0, 3, 1, 0, 1, 921, 0, 7], 'Industrial de la bahia': [14162, 0, 0, 778, 64, 0, 3, 0, 2, 6, 0, 6, 1568, 0, 7], 'De la virgen y turistica': [10142, 0, 0, 1549, 123, 0, 27, 0, 22, 5, 0, 5, 3943, 0, 44]}","[6912, 0, 0, 0, 0, 0, 0, 0, 0, 0, 0, 0, 176, 0, 0]","[6850, 0, 0, 76, 7, 0, 0, 0, 0, 0, 0, 0, 346, 0, 0]","[10032, 0, 0, 1422, 113, 0, 7, 0, 7, 1, 0, 1, 3201, 0, 11]","[7011, 0, 0, 947, 77, 0, 18, 0, 13, 3, 0, 3, 2065, 0, 28]","[4409, 0, 0, 266, 21, 0, 9, 0, 7, 8, 0, 8, 644, 0, 19]","[25487, 1273, 17, 2, 3362]","[0, 0, 0, 0, 0]",44403,80,1.5615386347769296,1.0520685539265364,0.7453325225773033,4.861660356191278,3.2754873089328287,2.320502033375403,218,97,7,67,6,0,0,"{'Historica y del caribe norte': 0.0007364975450081834, 'De la virgen y turistica': 0.0032554576790501722, 'Industrial de la bahia': 0.00024217472906702184}",0.001441246678376796,"{'Historica y del caribe norte': 0.0, 'De la virgen y turistica': 0.04054054054054054, 'Industrial de la bahia': 0.0}",0.03,3,"{'Historica y del caribe norte': 1, 'De la virgen y turistica': 4, 'Industrial de la bahia': 1}",1,"{'Historica y del caribe norte': 1, 'De la virgen y turistica': 2, 'Industrial de la bahia': 1}",{}
81,34960,2806,34,13,2759,6637,0.3321454027084818,"{'Historica y del caribe norte': [10872, 0, 0, 399, 24, 0, 4, 0, 3, 1, 0, 1, 944, 0, 7], 'Industrial de la bahia': [14078, 0, 0, 795, 86, 0, 4, 0, 3, 6, 0, 6, 1634, 0, 7], 'De la virgen y turistica': [10010, 0, 0, 1565, 115, 0, 26, 0, 19, 6, 0, 6, 4059, 0, 47]}","[6912, 0, 0, 0, 0, 0, 0, 0, 0, 0, 0, 0, 176, 0, 0]","[6846, 0, 0, 78, 9, 0, 0, 0, 0, 0, 0, 0, 348, 0, 0]","[9900, 0, 0, 1448, 130, 0, 8, 0, 5, 1, 0, 1, 3306, 0, 13]","[6916, 0, 0, 956, 70, 0, 17, 0, 12, 4, 0, 4, 2151, 0, 29]","[4386, 0, 0, 277, 16, 0, 9, 0, 8, 8, 0, 8, 656, 0, 19]","[25327, 1225, 16, 5, 3549]","[0, 0, 0, 0, 0]",44403,81,1.5317208296736706,1.0488030088057114,0.7446343715514717,4.762481618934248,3.2609761221202995,2.3152440305300748,225,99,9,67,7,0,0,"{'Historica y del caribe norte': 0.0007364975450081834, 'De la virgen y turistica': 0.00331929018256096, 'Industrial de la bahia': 0.00024217472906702184}",0.0014637661577264333,"{'Historica y del caribe norte': 0.0, 'De la virgen y turistica': 0.04, 'Industrial de la bahia': 0.0}",0.029411764705882353,3,"{'Historica y del caribe norte': 1, 'De la virgen y turistica': 4, 'Industrial de la bahia': 1}",1,"{'Historica y del caribe norte': 1, 'De la virgen y turistica': 2, 'Industrial de la bahia': 1}",{}
82,34731,2827,34,11,2782,6845,0.3300318358684117,"{'Historica y del caribe norte': [10832, 0, 0, 407, 49, 0, 4, 0, 2, 1, 0, 1, 976, 0, 8], 'Industrial de la bahia': [14007, 0, 0, 821, 78, 0, 4, 0, 3, 5, 0, 5, 1680, 0, 8], 'De la virgen y turistica': [9892, 0, 0, 1554, 121, 0, 26, 0, 19, 5, 0, 5, 4189, 0, 50]}","[6912, 0, 0, 0, 0, 0, 0, 0, 0, 0, 0, 0, 176, 0, 0]","[6841, 0, 0, 78, 3, 0, 0, 0, 0, 0, 0, 0, 353, 0, 0]","[9773, 0, 0, 1468, 124, 0, 8, 0, 5, 0, 0, 0, 3414, 0, 14]","[6851, 0, 0, 954, 90, 0, 17, 0, 11, 4, 0, 4, 2218, 0, 31]","[4354, 0, 0, 282, 31, 0, 9, 0, 8, 7, 0, 7, 684, 0, 21]","[25689, 1324, 19, 6, 3727]","[0, 0, 0, 0, 0]",44403,82,1.419813976533117,0.974799000067563,0.6946377497015968,4.622671946033143,3.1737791465024197,2.261621938700689,248,101,10,67,6,0,0,"{'Historica y del caribe norte': 0.0007364975450081834, 'De la virgen y turistica': 0.0033831226860717477, 'Industrial de la bahia': 0.00024217472906702184}",0.0014862856370760709,"{'Historica y del caribe norte': 0.0, 'De la virgen y turistica': 0.03896103896103896, 'Industrial de la bahia': 0.0}",0.028846153846153848,3,"{'Historica y del caribe norte': 1, 'De la virgen y turistica': 4, 'Industrial de la bahia': 1}",1,"{'Historica y del caribe norte': 1, 'De la virgen y turistica': 2, 'Industrial de la bahia': 1}",{}
83,34501,2841,33,11,2797,7061,0.3319253783878916,"{'Historica y del caribe norte': [10798, 0, 0, 417, 34, 0, 4, 0, 3, 1, 0, 1, 1000, 0, 8], 'Industrial de la bahia': [13930, 0, 0, 836, 70, 0, 4, 0, 3, 5, 0, 5, 1742, 0, 8], 'De la virgen y turistica': [9773, 0, 0, 1544, 130, 0, 25, 0, 20, 5, 0, 5, 4319, 0, 51]}","[6912, 0, 0, 0, 0, 0, 0, 0, 0, 0, 0, 0, 176, 0, 0]","[6838, 0, 0, 75, 5, 0, 0, 0, 0, 0, 0, 0, 359, 0, 0]","[9652, 0, 0, 1481, 129, 0, 8, 0, 5, 0, 0, 0, 3522, 0, 14]","[6770, 0, 0, 959, 73, 0, 17, 0, 14, 4, 0, 4, 2294, 0, 31]","[4329, 0, 0, 282, 27, 0, 8, 0, 7, 7, 0, 7, 710, 0, 22]","[25029, 1252, 19, 7, 3677]","[0, 0, 0, 0, 0]",44403,83,1.5767403103393915,1.0762786298223093,0.743193027498142,4.855537832027187,3.3143768638601845,2.2886469241972396,234,104,7,67,6,0,0,"{'Historica y del caribe norte': 0.0008183306055646482, 'De la virgen y turistica': 0.003510787693093323, 'Industrial de la bahia': 0.00024217472906702184}",0.001553844075124983,"{'Historica y del caribe norte': 0.0, 'De la virgen y turistica': 0.0379746835443038, 'Industrial de la bahia': 0.0}",0.028037383177570093,3,"{'Historica y del caribe norte': 1, 'De la virgen y turistica': 4, 'Industrial de la bahia': 1}",1,"{'Historica y del caribe norte': 1, 'De la virgen y turistica': 2, 'Industrial de la bahia': 1}",{}
84,34421,2743,31,11,2701,7239,0.3127962085308057,"{'Historica y del caribe norte': [10786, 0, 0, 400, 24, 0, 4, 0, 3, 1, 0, 1, 1029, 0, 8], 'Industrial de la bahia': [13900, 0, 0, 830, 61, 0, 5, 0, 3, 5, 0, 5, 1777, 0, 8], 'De la virgen y turistica': [9735, 0, 0, 1471, 69, 0, 22, 0, 17, 5, 0, 5, 4433, 0, 54]}","[6912, 0, 0, 0, 0, 0, 0, 0, 0, 0, 0, 0, 176, 0, 0]","[6833, 0, 0, 75, 4, 0, 0, 0, 0, 0, 0, 0, 364, 0, 0]","[9615, 0, 0, 1418, 75, 0, 7, 0, 4, 0, 0, 0, 3623, 0, 15]","[6739, 0, 0, 937, 57, 0, 16, 0, 12, 5, 0, 5, 2347, 0, 32]","[4322, 0, 0, 271, 18, 0, 8, 0, 7, 6, 0, 6, 729, 0, 23]","[28185, 1749, 20, 8, 4964]","[0, 0, 0, 0, 0]",44403,84,0.6986915298515866,0.47158975744882103,0.413463054298133,3.2736097921283105,2.209559987337765,1.9372164186979002,154,104,8,67,6,0,0,"{'Historica y del caribe norte': 0.0008183306055646482, 'De la virgen y turistica': 0.003510787693093323, 'Industrial de la bahia': 0.00024217472906702184}",0.001553844075124983,"{'Historica y del caribe norte': 0.0, 'De la virgen y turistica': 0.0379746835443038, 'Industrial de la bahia': 0.0}",0.028037383177570093,3,"{'Historica y del caribe norte': 1, 'De la virgen y turistica': 4, 'Industrial de la bahia': 1}",1,"{'Historica y del caribe norte': 1, 'De la virgen y turistica': 2, 'Industrial de la bahia': 1}",{}
85,34357,2671,32,10,2629,7375,0.29502059153874954,"{'Historica y del caribe norte': [10775, 0, 0, 391, 8, 0, 4, 0, 3, 1, 0, 1, 1049, 0, 8], 'Industrial de la bahia': [13877, 0, 0, 817, 19, 0, 4, 0, 3, 5, 0, 5, 1814, 0, 9], 'De la virgen y turistica': [9705, 0, 0, 1421, 27, 0, 24, 0, 20, 4, 0, 4, 4512, 0, 55]}","[6912, 0, 0, 0, 0, 0, 0, 0, 0, 0, 0, 0, 176, 0, 0]","[6833, 0, 0, 71, 2, 0, 0, 0, 0, 0, 0, 0, 368, 0, 0]","[9583, 0, 0, 1367, 25, 0, 8, 0, 7, 0, 0, 0, 3705, 0, 15]","[6719, 0, 0, 917, 20, 0, 17, 0, 13, 5, 0, 5, 2386, 0, 32]","[4310, 0, 0, 274, 7, 0, 7, 0, 6, 5, 0, 5, 740, 0, 25]","[28728, 1809, 25, 10, 5324]","[0, 0, 0, 0, 0]",44403,85,0.5643087178794226,0.38393802220570683,0.36360155845325765,2.945456682731868,2.0039967085929233,1.8978488303749852,54,108,6,67,6,0,0,"{'Historica y del caribe norte': 0.0008183306055646482, 'De la virgen y turistica': 0.0037022852036256862, 'Industrial de la bahia': 0.0003027184113337773}",0.0016439219925235328,"{'Historica y del caribe norte': 0.0, 'De la virgen y turistica': 0.036585365853658534, 'Industrial de la bahia': 0.0}",0.02702702702702703,3,"{'Historica y del caribe norte': 1, 'De la virgen y turistica': 4, 'Industrial de la bahia': 1}",1,"{'Historica y del caribe norte': 1, 'De la virgen y turistica': 2, 'Industrial de la bahia': 1}",{}
86,34111,2766,33,11,2722,7526,0.3203181489515546,"{'Historica y del caribe norte': [10735, 0, 0, 409, 23, 0, 5, 0, 4, 1, 0, 1, 1070, 0, 8], 'Industrial de la bahia': [13780, 0, 0, 874, 74, 0, 4, 0, 3, 5, 0, 5, 1854, 0, 9], 'De la virgen y turistica': [9596, 0, 0, 1439, 70, 0, 24, 0, 20, 5, 0, 5, 4602, 0, 56]}","[6912, 0, 0, 0, 0, 0, 0, 0, 0, 0, 0, 0, 176, 0, 0]","[6826, 0, 0, 75, 4, 0, 0, 0, 0, 0, 0, 0, 371, 0, 0]","[9439, 0, 0, 1433, 97, 0, 9, 0, 7, 0, 0, 0, 3782, 0, 15]","[6651, 0, 0, 930, 45, 0, 16, 0, 13, 6, 0, 6, 2441, 0, 33]","[4283, 0, 0, 284, 21, 0, 8, 0, 7, 5, 0, 5, 756, 0, 25]","[24837, 1231, 22, 5, 4053]","[0, 0, 0, 0, 0]",44403,86,1.548408891291129,1.035357971308245,0.7267977388915163,4.823149772009821,3.22504384426517,2.2639074009119606,167,111,6,67,6,0,0,"{'Historica y del caribe norte': 0.000900163666121113, 'De la virgen y turistica': 0.0037661177071364738, 'Industrial de la bahia': 0.0003027184113337773}",0.0016889609512228078,"{'Historica y del caribe norte': 0.0, 'De la virgen y turistica': 0.03571428571428571, 'Industrial de la bahia': 0.0}",0.02631578947368421,3,"{'Historica y del caribe norte': 1, 'De la virgen y turistica': 4, 'Industrial de la bahia': 1}",1,"{'Historica y del caribe norte': 1, 'De la virgen y turistica': 2, 'Industrial de la bahia': 1}",{}
87,33897,2761,36,11,2714,7745,0.32560666425208257,"{'Historica y del caribe norte': [10693, 0, 0, 411, 47, 0, 6, 0, 4, 1, 0, 1, 1109, 0, 8], 'Industrial de la bahia': [13700, 0, 0, 897, 78, 0, 6, 0, 3, 5, 0, 5, 1909, 0, 9], 'De la virgen y turistica': [9504, 0, 0, 1406, 89, 0, 24, 0, 19, 5, 0, 5, 4727, 0, 57]}","[6912, 0, 0, 0, 0, 0, 0, 0, 0, 0, 0, 0, 176, 0, 0]","[6821, 0, 0, 78, 5, 0, 0, 0, 0, 0, 0, 0, 373, 0, 0]","[9328, 0, 0, 1430, 123, 0, 9, 0, 7, 0, 0, 0, 3896, 0, 15]","[6578, 0, 0, 920, 58, 0, 18, 0, 12, 6, 0, 6, 2522, 0, 34]","[4258, 0, 0, 286, 28, 0, 9, 0, 7, 5, 0, 5, 778, 0, 25]","[24833, 1264, 20, 4, 4146]","[0, 0, 0, 0, 0]",44403,87,1.5152804990653785,1.0259667139607684,0.7280138729365133,4.7596915676287495,3.222693831352575,2.2867855121675156,214,111,10,67,6,0,0,"{'Historica y del caribe norte': 0.000900163666121113, 'De la virgen y turistica': 0.0037661177071364738, 'Industrial de la bahia': 0.0003027184113337773}",0.0016889609512228078,"{'Historica y del caribe norte': 0.0, 'De la virgen y turistica': 0.03571428571428571, 'Industrial de la bahia': 0.0}",0.02631578947368421,3,"{'Historica y del caribe norte': 1, 'De la virgen y turistica': 4, 'Industrial de la bahia': 1}",1,"{'Historica y del caribe norte': 1, 'De la virgen y turistica': 2, 'Industrial de la bahia': 1}",{}
88,33684,2776,40,11,2725,7943,0.32528818443804036,"{'Historica y del caribe norte': [10648, 0, 0, 435, 31, 0, 7, 0, 4, 1, 0, 1, 1129, 0, 8], 'Industrial de la bahia': [13634, 0, 0, 894, 72, 0, 6, 0, 4, 5, 0, 5, 1978, 0, 9], 'De la virgen y turistica': [9402, 0, 0, 1396, 115, 0, 27, 0, 19, 5, 0, 5, 4836, 0, 57]}","[6912, 0, 0, 0, 0, 0, 0, 0, 0, 0, 0, 0, 176, 0, 0]","[6814, 0, 0, 77, 6, 0, 0, 0, 0, 0, 0, 0, 381, 0, 0]","[9214, 0, 0, 1439, 107, 0, 9, 0, 7, 0, 0, 0, 4001, 0, 15]","[6504, 0, 0, 927, 83, 0, 19, 0, 13, 6, 0, 6, 2588, 0, 34]","[4240, 0, 0, 282, 22, 0, 12, 0, 7, 5, 0, 5, 797, 0, 25]","[24790, 1291, 23, 4, 4333]","[0, 0, 0, 0, 0]",44403,88,1.4812963088079634,1.0014413440533296,0.7156948854807108,4.710929666236929,3.1848589027359977,2.2761065749892566,218,112,13,67,6,0,0,"{'Historica y del caribe norte': 0.000900163666121113, 'De la virgen y turistica': 0.0037661177071364738, 'Industrial de la bahia': 0.0003632620936005328}",0.0017114804305724451,"{'Historica y del caribe norte': 0.0, 'De la virgen y turistica': 0.03571428571428571, 'Industrial de la bahia': 0.0}",0.02608695652173913,3,"{'Historica y del caribe norte': 1, 'De la virgen y turistica': 4, 'Industrial de la bahia': 1}",1,"{'Historica y del caribe norte': 1, 'De la virgen y turistica': 2, 'Industrial de la bahia': 1}",{}
89,33492,2754,38,10,2706,8157,0.32570806100217864,"{'Historica y del caribe norte': [10622, 0, 0, 428, 46, 0, 6, 0, 3, 1, 0, 1, 1163, 0, 9], 'Industrial de la bahia': [13554, 0, 0, 913, 75, 0, 6, 0, 3, 5, 0, 5, 2039, 0, 10], 'De la virgen y turistica': [9316, 0, 0, 1365, 87, 0, 26, 0, 20, 4, 0, 4, 4955, 0, 59]}","[6912, 0, 0, 0, 0, 0, 0, 0, 0, 0, 0, 0, 176, 0, 0]","[6809, 0, 0, 76, 6, 0, 0, 0, 0, 0, 0, 0, 387, 0, 0]","[9131, 0, 0, 1412, 104, 0, 7, 0, 6, 0, 0, 0, 4113, 0, 17]","[6426, 0, 0, 929, 77, 0, 19, 0, 13, 6, 0, 6, 2664, 0, 35]","[4214, 0, 0, 289, 21, 0, 12, 0, 7, 4, 0, 4, 817, 0, 26]","[24817, 1266, 23, 3, 4399]","[0, 0, 0, 0, 0]",44403,89,1.4641127851721731,0.9959687408508434,0.7133076593923834,4.678733357322778,3.1827275998560633,2.2794530406621085,208,114,12,67,6,0,0,"{'Historica y del caribe norte': 0.000900163666121113, 'De la virgen y turistica': 0.0038937827141580492, 'Industrial de la bahia': 0.0003632620936005328}",0.0017565193892717201,"{'Historica y del caribe norte': 0.0, 'De la virgen y turistica': 0.03488372093023256, 'Industrial de la bahia': 0.0}",0.02564102564102564,3,"{'Historica y del caribe norte': 1, 'De la virgen y turistica': 4, 'Industrial de la bahia': 1}",1,"{'Historica y del caribe norte': 1, 'De la virgen y turistica': 2, 'Industrial de la bahia': 1}",{}
90,33289,2726,42,10,2674,8388,0.326485693323551,"{'Historica y del caribe norte': [10585, 0, 0, 430, 30, 0, 7, 0, 4, 1, 0, 1, 1197, 0, 9], 'Industrial de la bahia': [13464, 0, 0, 925, 91, 0, 8, 0, 3, 5, 0, 5, 2115, 0, 10], 'De la virgen y turistica': [9240, 0, 0, 1319, 79, 0, 27, 0, 20, 4, 0, 4, 5076, 0, 61]}","[6912, 0, 0, 0, 0, 0, 0, 0, 0, 0, 0, 0, 176, 0, 0]","[6804, 0, 0, 74, 4, 0, 0, 0, 0, 0, 0, 0, 394, 0, 0]","[9031, 0, 0, 1395, 86, 0, 8, 0, 7, 0, 0, 0, 4229, 0, 17]","[6351, 0, 0, 913, 87, 0, 20, 0, 12, 6, 0, 6, 2754, 0, 37]","[4191, 0, 0, 292, 23, 0, 14, 0, 8, 4, 0, 4, 835, 0, 26]","[24459, 1228, 22, 7, 4393]","[0, 0, 0, 0, 0]",44403,90,1.5461793122086345,1.0633966173456748,0.7429903384906426,4.8030642227508045,3.303344060444942,2.3080313418217435,200,117,15,67,6,0,0,"{'Historica y del caribe norte': 0.000900163666121113, 'De la virgen y turistica': 0.004021447721179625, 'Industrial de la bahia': 0.0003632620936005328}",0.0018015583479709949,"{'Historica y del caribe norte': 0.0, 'De la virgen y turistica': 0.03409090909090909, 'Industrial de la bahia': 0.0}",0.025,3,"{'Historica y del caribe norte': 1, 'De la virgen y turistica': 4, 'Industrial de la bahia': 1}",1,"{'Historica y del caribe norte': 1, 'De la virgen y turistica': 2, 'Industrial de la bahia': 1}",{}
91,33130,2674,40,11,2623,8599,0.3212415856394914,"{'Historica y del caribe norte': [10544, 0, 0, 441, 42, 0, 6, 0, 4, 2, 0, 2, 1227, 0, 9], 'Industrial de la bahia': [13413, 0, 0, 933, 69, 0, 8, 0, 5, 5, 0, 5, 2158, 0, 10], 'De la virgen y turistica': [9173, 0, 0, 1249, 73, 0, 26, 0, 20, 4, 0, 4, 5214, 0, 62]}","[6912, 0, 0, 0, 0, 0, 0, 0, 0, 0, 0, 0, 176, 0, 0]","[6795, 0, 0, 78, 9, 0, 0, 0, 0, 0, 0, 0, 399, 0, 0]","[8959, 0, 0, 1356, 98, 0, 7, 0, 6, 0, 0, 0, 4341, 0, 18]","[6292, 0, 0, 903, 55, 0, 20, 0, 15, 6, 0, 6, 2823, 0, 37]","[4172, 0, 0, 286, 22, 0, 13, 0, 8, 5, 0, 5, 860, 0, 26]","[24751, 1278, 21, 5, 4701]","[0, 0, 0, 0, 0]",44403,91,1.4027430579014932,0.9629979956309258,0.6858996013782852,4.564080017586282,3.1332893676265847,2.231699274565839,184,121,11,67,5,0,0,"{'Historica y del caribe norte': 0.0009819967266775777, 'De la virgen y turistica': 0.004085280224690412, 'Industrial de la bahia': 0.00042380577586728825}",0.0018691167860199072,"{'Historica y del caribe norte': 0.0, 'De la virgen y turistica': 0.033707865168539325, 'Industrial de la bahia': 0.0}",0.024193548387096774,3,"{'Historica y del caribe norte': 1, 'De la virgen y turistica': 4, 'Industrial de la bahia': 1}",1,"{'Historica y del caribe norte': 1, 'De la virgen y turistica': 2, 'Industrial de la bahia': 1}",{}
92,33011,2652,39,10,2603,8739,0.3201357466063348,"{'Historica y del caribe norte': [10523, 0, 0, 437, 33, 0, 7, 0, 5, 1, 0, 1, 1251, 0, 9], 'Industrial de la bahia': [13351, 0, 0, 954, 53, 0, 8, 0, 5, 5, 0, 5, 2199, 0, 10], 'De la virgen y turistica': [9137, 0, 0, 1212, 52, 0, 24, 0, 21, 4, 0, 4, 5289, 0, 64]}","[6912, 0, 0, 0, 0, 0, 0, 0, 0, 0, 0, 0, 176, 0, 0]","[6790, 0, 0, 78, 6, 0, 0, 0, 0, 0, 0, 0, 404, 0, 0]","[8896, 0, 0, 1348, 56, 0, 7, 0, 6, 0, 0, 0, 4412, 0, 18]","[6249, 0, 0, 895, 62, 0, 20, 0, 15, 5, 0, 5, 2874, 0, 38]","[4164, 0, 0, 282, 14, 0, 12, 0, 10, 5, 0, 5, 873, 0, 27]","[25929, 1465, 24, 6, 5266]","[0, 0, 0, 0, 0]",44402,92,1.0631953515607404,0.7174902031440025,0.5526778073059772,4.030737704918033,2.720116120218579,2.0952868852459017,138,124,8,67,5,0,0,"{'Historica y del caribe norte': 0.0009820770930518046, 'De la virgen y turistica': 0.0041491127282012, 'Industrial de la bahia': 0.00042380577586728825}",0.0018916362653695446,"{'Historica y del caribe norte': 0.0625, 'De la virgen y turistica': 0.03260869565217391, 'Industrial de la bahia': 0.0}",0.03125,4,"{'Historica y del caribe norte': 1, 'De la virgen y turistica': 4, 'Industrial de la bahia': 1}",2,"{'Historica y del caribe norte': 1, 'De la virgen y turistica': 2, 'Industrial de la bahia': 1}",{}
93,32809,2770,42,11,2717,8823,0.35379061371841153,"{'Historica y del caribe norte': [10496, 0, 0, 456, 16, 0, 6, 0, 4, 2, 0, 2, 1259, 0, 9], 'Industrial de la bahia': [13260, 0, 0, 1010, 72, 0, 9, 0, 6, 5, 0, 5, 2233, 0, 10], 'De la virgen y turistica': [9053, 0, 0, 1251, 61, 0, 27, 0, 21, 4, 0, 4, 5331, 0, 64]}","[6912, 0, 0, 0, 0, 0, 0, 0, 0, 0, 0, 0, 176, 0, 0]","[6777, 0, 0, 86, 10, 0, 0, 0, 0, 0, 0, 0, 409, 0, 0]","[8793, 0, 0, 1408, 83, 0, 7, 0, 6, 0, 0, 0, 4455, 0, 18]","[6176, 0, 0, 939, 51, 0, 22, 0, 16, 5, 0, 5, 2901, 0, 38]","[4151, 0, 0, 284, 5, 0, 13, 0, 9, 6, 0, 6, 882, 0, 27]","[24243, 1247, 22, 5, 4574]","[0, 0, 0, 0, 0]",44402,93,1.5592540876537093,1.0575199315346155,0.7402369262645827,4.837817063797079,3.281112430997135,2.296694850115296,149,125,11,67,5,0,0,"{'Historica y del caribe norte': 0.0009820770930518046, 'De la virgen y turistica': 0.0041491127282012, 'Industrial de la bahia': 0.0004843494581340437}",0.001914155744719182,"{'Historica y del caribe norte': 0.0625, 'De la virgen y turistica': 0.03260869565217391, 'Industrial de la bahia': 0.0}",0.031007751937984496,4,"{'Historica y del caribe norte': 1, 'De la virgen y turistica': 4, 'Industrial de la bahia': 1}",2,"{'Historica y del caribe norte': 1, 'De la virgen y turistica': 2, 'Industrial de la bahia': 1}",{}
94,32603,2758,41,10,2707,9041,0.3477157360406091,"{'Historica y del caribe norte': [10453, 0, 0, 468, 41, 0, 6, 0, 5, 2, 0, 2, 1290, 0, 9], 'Industrial de la bahia': [13179, 0, 0, 1028, 96, 0, 9, 0, 8, 5, 0, 5, 2296, 0, 10], 'De la virgen y turistica': [8971, 0, 0, 1211, 89, 0, 26, 0, 21, 3, 0, 3, 5455, 0, 68]}","[6912, 0, 0, 0, 0, 0, 0, 0, 0, 0, 0, 0, 176, 0, 0]","[6770, 0, 0, 86, 9, 0, 0, 0, 0, 0, 0, 0, 416, 0, 0]","[8689, 0, 0, 1399, 120, 0, 7, 0, 7, 0, 0, 0, 4568, 0, 18]","[6102, 0, 0, 936, 78, 0, 23, 0, 18, 4, 0, 4, 2978, 0, 40]","[4130, 0, 0, 286, 19, 0, 11, 0, 9, 6, 0, 6, 903, 0, 29]","[24183, 1260, 25, 3, 4700]","[0, 0, 0, 0, 0]",44402,94,1.5451781451285977,1.0356290257195622,0.7322868339263997,4.8210947930574095,3.231255709366875,2.2848007870142646,226,131,7,67,5,0,0,"{'Historica y del caribe norte': 0.0010639168508061216, 'De la virgen y turistica': 0.004276777735222776, 'Industrial de la bahia': 0.0005448931404007991}",0.002004233662117732,"{'Historica y del caribe norte': 0.058823529411764705, 'De la virgen y turistica': 0.031578947368421054, 'Industrial de la bahia': 0.0}",0.02962962962962963,4,"{'Historica y del caribe norte': 1, 'De la virgen y turistica': 4, 'Industrial de la bahia': 1}",2,"{'Historica y del caribe norte': 1, 'De la virgen y turistica': 2, 'Industrial de la bahia': 1}",{}
95,32404,2731,45,9,2677,9267,0.3445624313438301,"{'Historica y del caribe norte': [10416, 0, 0, 480, 39, 0, 7, 0, 5, 2, 0, 2, 1314, 0, 9], 'Industrial de la bahia': [13084, 0, 0, 1035, 97, 0, 11, 0, 8, 4, 0, 4, 2383, 0, 11], 'De la virgen y turistica': [8904, 0, 0, 1162, 70, 0, 27, 0, 19, 3, 0, 3, 5570, 0, 70]}","[6912, 0, 0, 0, 0, 0, 0, 0, 0, 0, 0, 0, 176, 0, 0]","[6763, 0, 0, 84, 10, 0, 0, 0, 0, 0, 0, 0, 425, 0, 0]","[8587, 0, 0, 1370, 99, 0, 7, 0, 6, 0, 0, 0, 4699, 0, 19]","[6030, 0, 0, 938, 73, 0, 24, 0, 17, 4, 0, 4, 3047, 0, 41]","[4112, 0, 0, 285, 24, 0, 14, 0, 9, 5, 0, 5, 920, 0, 30]","[24126, 1228, 20, 6, 4921]","[0, 0, 0, 0, 0]",44402,95,1.5124543939462187,1.0126120445025,0.7117021755776767,4.762499113538047,3.188568186653429,2.241046734274165,206,131,13,67,5,0,0,"{'Historica y del caribe norte': 0.0010639168508061216, 'De la virgen y turistica': 0.004276777735222776, 'Industrial de la bahia': 0.0005448931404007991}",0.002004233662117732,"{'Historica y del caribe norte': 0.058823529411764705, 'De la virgen y turistica': 0.031578947368421054, 'Industrial de la bahia': 0.0}",0.02962962962962963,4,"{'Historica y del caribe norte': 1, 'De la virgen y turistica': 4, 'Industrial de la bahia': 1}",2,"{'Historica y del caribe norte': 1, 'De la virgen y turistica': 2, 'Industrial de la bahia': 1}",{}
96,32200,2693,50,9,2634,9509,0.3390271073152618,"{'Historica y del caribe norte': [10383, 0, 0, 465, 39, 0, 7, 0, 6, 2, 0, 2, 1362, 0, 9], 'Industrial de la bahia': [12998, 0, 0, 1041, 69, 0, 15, 0, 8, 4, 0, 4, 2459, 0, 11], 'De la virgen y turistica': [8819, 0, 0, 1128, 76, 0, 28, 0, 19, 3, 0, 3, 5688, 0, 70]}","[6912, 0, 0, 0, 0, 0, 0, 0, 0, 0, 0, 0, 176, 0, 0]","[6757, 0, 0, 87, 3, 0, 0, 0, 0, 0, 0, 0, 428, 0, 0]","[8487, 0, 0, 1345, 93, 0, 9, 0, 6, 0, 0, 0, 4822, 0, 19]","[5957, 0, 0, 921, 69, 0, 26, 0, 18, 4, 0, 4, 3135, 0, 41]","[4087, 0, 0, 281, 19, 0, 15, 0, 9, 5, 0, 5, 948, 0, 30]","[24021, 1201, 25, 8, 4974]","[0, 0, 0, 0, 0]",44402,96,1.525134002972839,1.0363046709607675,0.7285707850997702,4.778028646017074,3.2465956395964155,2.2825089959782687,184,132,17,67,4,0,0,"{'Historica y del caribe norte': 0.0011457566085604387, 'De la virgen y turistica': 0.004276777735222776, 'Industrial de la bahia': 0.0005448931404007991}",0.002026753141467369,"{'Historica y del caribe norte': 0.05555555555555555, 'De la virgen y turistica': 0.031578947368421054, 'Industrial de la bahia': 0.0}",0.029411764705882353,4,"{'Historica y del caribe norte': 1, 'De la virgen y turistica': 4, 'Industrial de la bahia': 1}",2,"{'Historica y del caribe norte': 1, 'De la virgen y turistica': 2, 'Industrial de la bahia': 1}",{}
97,31997,2663,50,10,2603,9742,0.3312054074352234,"{'Historica y del caribe norte': [10343, 0, 0, 471, 33, 0, 6, 0, 5, 3, 0, 3, 1396, 0, 9], 'Industrial de la bahia': [12908, 0, 0, 1062, 91, 0, 17, 0, 8, 4, 0, 4, 2526, 0, 12], 'De la virgen y turistica': [8746, 0, 0, 1070, 76, 0, 27, 0, 19, 3, 0, 3, 5820, 0, 73]}","[6912, 0, 0, 0, 0, 0, 0, 0, 0, 0, 0, 0, 176, 0, 0]","[6751, 0, 0, 88, 7, 0, 0, 0, 0, 0, 0, 0, 433, 0, 0]","[8384, 0, 0, 1321, 104, 0, 8, 0, 5, 0, 0, 0, 4950, 0, 20]","[5882, 0, 0, 922, 68, 0, 26, 0, 17, 5, 0, 5, 3208, 0, 43]","[4068, 0, 0, 272, 21, 0, 16, 0, 10, 5, 0, 5, 975, 0, 31]","[23678, 1131, 23, 4, 5000]","[0, 0, 0, 0, 0]",44402,97,1.5984865546597,1.0876086662762938,0.7535020945002477,4.87271728683235,3.3153920087875877,2.2969243443635863,200,136,18,67,4,0,0,"{'Historica y del caribe norte': 0.0011457566085604387, 'De la virgen y turistica': 0.004340610238733563, 'Industrial de la bahia': 0.0006054368226675546}",0.0020717921001666443,"{'Historica y del caribe norte': 0.05555555555555555, 'De la virgen y turistica': 0.030612244897959183, 'Industrial de la bahia': 0.0}",0.02857142857142857,4,"{'Historica y del caribe norte': 1, 'De la virgen y turistica': 4, 'Industrial de la bahia': 1}",2,"{'Historica y del caribe norte': 1, 'De la virgen y turistica': 2, 'Industrial de la bahia': 1}",{}
98,31816,2688,46,9,2633,9898,0.32142857142857145,"{'Historica y del caribe norte': [10305, 0, 0, 484, 37, 0, 7, 0, 5, 3, 0, 3, 1420, 0, 9], 'Industrial de la bahia': [12829, 0, 0, 1083, 94, 0, 17, 0, 8, 1, 0, 1, 2587, 0, 15], 'De la virgen y turistica': [8682, 0, 0, 1066, 69, 0, 22, 0, 15, 5, 0, 5, 5891, 0, 77]}","[6912, 0, 0, 0, 0, 0, 0, 0, 0, 0, 0, 0, 176, 0, 0]","[6747, 0, 0, 88, 6, 0, 0, 0, 0, 0, 0, 0, 437, 0, 0]","[8294, 0, 0, 1336, 97, 0, 7, 0, 4, 0, 0, 0, 5026, 0, 21]","[5809, 0, 0, 940, 81, 0, 26, 0, 18, 4, 0, 4, 3264, 0, 45]","[4054, 0, 0, 269, 16, 0, 13, 0, 6, 5, 0, 5, 995, 0, 35]","[23691, 1230, 26, 5, 5128]","[0, 0, 0, 0, 0]",44402,98,1.5415972253502095,1.0482635917301022,0.7361380118012703,4.779360424521715,3.249895266024298,2.282223153190895,200,138,18,67,4,0,0,"{'Historica y del caribe norte': 0.0011457566085604387, 'De la virgen y turistica': 0.004468275245755138, 'Industrial de la bahia': 0.0006054368226675546}",0.002116831058865919,"{'Historica y del caribe norte': 0.05555555555555555, 'De la virgen y turistica': 0.03, 'Industrial de la bahia': 0.0}",0.028169014084507043,4,"{'Historica y del caribe norte': 1, 'De la virgen y turistica': 4, 'Industrial de la bahia': 1}",2,"{'Historica y del caribe norte': 1, 'De la virgen y turistica': 2, 'Industrial de la bahia': 1}",{}
99,31678,2770,45,7,2718,9954,0.34512635379061374,"{'Historica y del caribe norte': [10278, 0, 0, 504, 35, 0, 7, 0, 6, 3, 0, 3, 1427, 0, 9], 'Industrial de la bahia': [12763, 0, 0, 1130, 69, 0, 17, 0, 10, 1, 0, 1, 2606, 0, 15], 'De la virgen y turistica': [8637, 0, 0, 1084, 58, 0, 21, 0, 16, 3, 0, 3, 5921, 0, 81]}","[6912, 0, 0, 0, 0, 0, 0, 0, 0, 0, 0, 0, 176, 0, 0]","[6745, 0, 0, 88, 3, 0, 0, 0, 0, 0, 0, 0, 439, 0, 0]","[8238, 0, 0, 1367, 74, 0, 6, 0, 4, 0, 0, 0, 5052, 0, 22]","[5745, 0, 0, 984, 69, 0, 26, 0, 19, 2, 0, 2, 3286, 0, 48]","[4038, 0, 0, 279, 16, 0, 13, 0, 9, 5, 0, 5, 1001, 0, 35]","[24753, 1445, 31, 5, 5844]","[0, 0, 0, 0, 0]",44402,99,1.1503310661681907,0.7854601144092609,0.5898833385883518,4.144514767932489,2.8299253489126905,2.12528399870172,162,144,13,67,4,0,0,"{'Historica y del caribe norte': 0.0011457566085604387, 'De la virgen y turistica': 0.004532107749265926, 'Industrial de la bahia': 0.0007265241872010656}",0.0021843894969148315,"{'Historica y del caribe norte': 0.05263157894736842, 'De la virgen y turistica': 0.02912621359223301, 'Industrial de la bahia': 0.0}",0.02702702702702703,4,"{'Historica y del caribe norte': 1, 'De la virgen y turistica': 4, 'Industrial de la bahia': 1}",2,"{'Historica y del caribe norte': 1, 'De la virgen y turistica': 2, 'Industrial de la bahia': 1}",{}
100,31536,2745,43,9,2693,10121,0.35081967213114756,"{'Historica y del caribe norte': [10254, 0, 0, 505, 26, 0, 5, 0, 4, 4, 0, 4, 1451, 0, 10], 'Industrial de la bahia': [12694, 0, 0, 1125, 64, 0, 17, 0, 14, 1, 0, 1, 2680, 0, 15], 'De la virgen y turistica': [8588, 0, 0, 1063, 41, 0, 21, 0, 16, 4, 0, 4, 5990, 0, 81]}","[6912, 0, 0, 0, 0, 0, 0, 0, 0, 0, 0, 0, 176, 0, 0]","[6739, 0, 0, 90, 3, 0, 0, 0, 0, 0, 0, 0, 443, 0, 0]","[8157, 0, 0, 1351, 62, 0, 6, 0, 6, 0, 0, 0, 5149, 0, 22]","[5698, 0, 0, 986, 53, 0, 26, 0, 20, 2, 0, 2, 3331, 0, 49]","[4030, 0, 0, 266, 13, 0, 11, 0, 8, 7, 0, 7, 1022, 0, 35]","[24867, 1429, 29, 7, 6012]","[0, 0, 0, 0, 0]",44402,100,1.1200846808702312,0.7674654294851583,0.5817755956938877,4.124564604412009,2.8260905622823023,2.1423121579034667,131,149,9,67,4,0,0,"{'Historica y del caribe norte': 0.0011457566085604387, 'De la virgen y turistica': 0.004595940252776714, 'Industrial de la bahia': 0.000908155234001332}",0.002274467414313381,"{'Historica y del caribe norte': 0.05263157894736842, 'De la virgen y turistica': 0.028846153846153848, 'Industrial de la bahia': 0.0}",0.026143790849673203,4,"{'Historica y del caribe norte': 1, 'De la virgen y turistica': 4, 'Industrial de la bahia': 1}",2,"{'Historica y del caribe norte': 1, 'De la virgen y turistica': 2, 'Industrial de la bahia': 1}",{}
101,31344,2720,40,10,2670,10338,0.3375,"{'Historica y del caribe norte': [10212, 0, 0, 500, 34, 0, 4, 0, 3, 4, 0, 4, 1499, 0, 11], 'Industrial de la bahia': [12608, 0, 0, 1132, 86, 0, 16, 0, 15, 2, 0, 2, 2759, 0, 16], 'De la virgen y turistica': [8524, 0, 0, 1038, 69, 0, 20, 0, 16, 4, 0, 4, 6080, 0, 83]}","[6912, 0, 0, 0, 0, 0, 0, 0, 0, 0, 0, 0, 176, 0, 0]","[6730, 0, 0, 94, 9, 0, 0, 0, 0, 0, 0, 0, 448, 0, 0]","[8043, 0, 0, 1342, 111, 0, 5, 0, 5, 1, 0, 1, 5272, 0, 22]","[5643, 0, 0, 982, 59, 0, 26, 0, 21, 2, 0, 2, 3390, 0, 51]","[4016, 0, 0, 252, 10, 0, 9, 0, 8, 7, 0, 7, 1052, 0, 37]","[23124, 1173, 23, 5, 5078]","[0, 0, 0, 0, 0]",44402,101,1.6910049096887527,1.1490248187018604,0.8019233367866312,5.005933728915261,3.4014934328955264,2.373958263884259,189,154,6,67,4,0,0,"{'Historica y del caribe norte': 0.0011457566085604387, 'De la virgen y turistica': 0.004595940252776714, 'Industrial de la bahia': 0.0010897862808015983}",0.0023420258523622933,"{'Historica y del caribe norte': 0.05263157894736842, 'De la virgen y turistica': 0.02830188679245283, 'Industrial de la bahia': 0.0}",0.02531645569620253,4,"{'Historica y del caribe norte': 1, 'De la virgen y turistica': 4, 'Industrial de la bahia': 1}",2,"{'Historica y del caribe norte': 1, 'De la virgen y turistica': 2, 'Industrial de la bahia': 1}",{}
102,31148,2700,41,11,2648,10554,0.3377777777777778,"{'Historica y del caribe norte': [10177, 0, 0, 503, 36, 0, 5, 0, 4, 4, 0, 4, 1530, 0, 11], 'Industrial de la bahia': [12503, 0, 0, 1166, 93, 0, 16, 0, 15, 2, 0, 2, 2830, 0, 16], 'De la virgen y turistica': [8468, 0, 0, 979, 53, 0, 20, 0, 16, 5, 0, 5, 6194, 0, 83]}","[6912, 0, 0, 0, 0, 0, 0, 0, 0, 0, 0, 0, 176, 0, 0]","[6723, 0, 0, 95, 7, 0, 0, 0, 0, 0, 0, 0, 454, 0, 0]","[7951, 0, 0, 1326, 97, 0, 6, 0, 5, 1, 0, 1, 5379, 0, 22]","[5562, 0, 0, 981, 64, 0, 27, 0, 22, 2, 0, 2, 3471, 0, 51]","[4000, 0, 0, 246, 14, 0, 8, 0, 8, 8, 0, 8, 1074, 0, 37]","[23316, 1222, 26, 6, 5450]","[0, 0, 0, 0, 0]",44402,102,1.5601774694833566,1.062880050448178,0.7448538354128192,4.81678486997636,3.2814629397858432,2.2996106243916006,182,156,6,67,4,0,0,"{'Historica y del caribe norte': 0.0011457566085604387, 'De la virgen y turistica': 0.004659772756287502, 'Industrial de la bahia': 0.0010897862808015983}",0.002364545331711931,"{'Historica y del caribe norte': 0.05, 'De la virgen y turistica': 0.028037383177570093, 'Industrial de la bahia': 0.0}",0.025,4,"{'Historica y del caribe norte': 1, 'De la virgen y turistica': 4, 'Industrial de la bahia': 1}",2,"{'Historica y del caribe norte': 1, 'De la virgen y turistica': 2, 'Industrial de la bahia': 1}",{}
103,30966,2674,40,11,2623,10762,0.33470456245325353,"{'Historica y del caribe norte': [10139, 0, 0, 496, 34, 0, 3, 0, 2, 5, 0, 5, 1576, 0, 12], 'Industrial de la bahia': [12412, 0, 0, 1181, 85, 0, 17, 0, 15, 1, 0, 1, 2906, 0, 17], 'De la virgen y turistica': [8415, 0, 0, 946, 51, 0, 20, 0, 17, 5, 0, 5, 6280, 0, 83]}","[6912, 0, 0, 0, 0, 0, 0, 0, 0, 0, 0, 0, 176, 0, 0]","[6722, 0, 0, 90, 4, 0, 0, 0, 0, 0, 0, 0, 460, 0, 0]","[7855, 0, 0, 1319, 88, 0, 6, 0, 5, 1, 0, 1, 5482, 0, 22]","[5498, 0, 0, 968, 60, 0, 27, 0, 22, 2, 0, 2, 3548, 0, 52]","[3979, 0, 0, 246, 18, 0, 7, 0, 7, 8, 0, 8, 1096, 0, 38]","[23057, 1155, 24, 4, 5319]","[0, 0, 0, 0, 0]",44402,103,1.6794513760641412,1.1421332372415658,0.7918562226926715,5.023984369736576,3.416627366435357,2.36879337061241,170,157,6,67,4,0,0,"{'Historica y del caribe norte': 0.0011457566085604387, 'De la virgen y turistica': 0.004723605259798289, 'Industrial de la bahia': 0.0010897862808015983}",0.002387064811061568,"{'Historica y del caribe norte': 0.05, 'De la virgen y turistica': 0.027777777777777776, 'Industrial de la bahia': 0.0}",0.024844720496894408,4,"{'Historica y del caribe norte': 1, 'De la virgen y turistica': 4, 'Industrial de la bahia': 1}",2,"{'Historica y del caribe norte': 1, 'De la virgen y turistica': 2, 'Industrial de la bahia': 1}",{}
104,30778,2663,46,11,2606,10961,0.326323695080736,"{'Historica y del caribe norte': [10103, 0, 0, 501, 38, 0, 4, 0, 2, 5, 0, 5, 1606, 0, 12], 'Industrial de la bahia': [12312, 0, 0, 1190, 106, 0, 18, 0, 15, 1, 0, 1, 2996, 0, 17], 'De la virgen y turistica': [8363, 0, 0, 915, 53, 0, 24, 0, 18, 5, 0, 5, 6359, 0, 83]}","[6912, 0, 0, 0, 0, 0, 0, 0, 0, 0, 0, 0, 176, 0, 0]","[6717, 0, 0, 91, 3, 0, 0, 0, 0, 0, 0, 0, 464, 0, 0]","[7767, 0, 0, 1320, 96, 0, 7, 0, 5, 1, 0, 1, 5568, 0, 22]","[5425, 0, 0, 952, 76, 0, 30, 0, 23, 2, 0, 2, 3634, 0, 52]","[3957, 0, 0, 243, 22, 0, 9, 0, 7, 8, 0, 8, 1119, 0, 38]","[22525, 1088, 27, 6, 5253]","[0, 0, 0, 0, 0]",44402,104,1.8131390477906402,1.222354848880681,0.8294671411197694,5.192994904212088,3.500935302844611,2.37566922531123,197,158,11,67,4,0,0,"{'Historica y del caribe norte': 0.0011457566085604387, 'De la virgen y turistica': 0.004787437763309077, 'Industrial de la bahia': 0.0010897862808015983}",0.0024095842904112057,"{'Historica y del caribe norte': 0.05, 'De la virgen y turistica': 0.027522935779816515, 'Industrial de la bahia': 0.0}",0.024691358024691357,4,"{'Historica y del caribe norte': 1, 'De la virgen y turistica': 4, 'Industrial de la bahia': 1}",2,"{'Historica y del caribe norte': 1, 'De la virgen y turistica': 2, 'Industrial de la bahia': 1}",{}
105,30610,2651,47,11,2593,11141,0.32629196529611465,"{'Historica y del caribe norte': [10069, 0, 0, 494, 40, 0, 4, 0, 2, 5, 0, 5, 1647, 0, 12], 'Industrial de la bahia': [12228, 0, 0, 1203, 96, 0, 20, 0, 15, 1, 0, 1, 3065, 0, 18], 'De la virgen y turistica': [8313, 0, 0, 896, 51, 0, 23, 0, 18, 5, 0, 5, 6429, 0, 84]}","[6912, 0, 0, 0, 0, 0, 0, 0, 0, 0, 0, 0, 176, 0, 0]","[6713, 0, 0, 86, 4, 0, 0, 0, 0, 0, 0, 0, 473, 0, 0]","[7683, 0, 0, 1306, 85, 0, 8, 0, 5, 1, 0, 1, 5665, 0, 22]","[5364, 0, 0, 959, 71, 0, 30, 0, 23, 2, 0, 2, 3688, 0, 54]","[3938, 0, 0, 242, 27, 0, 9, 0, 7, 8, 0, 8, 1139, 0, 38]","[23581, 1313, 26, 7, 6005]","[0, 0, 0, 0, 0]",44402,105,1.3857483897121752,0.9426602405297059,0.680802666546552,4.567928730512249,3.1073496659242763,2.244172234595397,187,160,12,67,4,0,0,"{'Historica y del caribe norte': 0.0011457566085604387, 'De la virgen y turistica': 0.004851270266819864, 'Industrial de la bahia': 0.0011503299630683539}",0.0024546232491104805,"{'Historica y del caribe norte': 0.05, 'De la virgen y turistica': 0.02727272727272727, 'Industrial de la bahia': 0.0}",0.024390243902439025,4,"{'Historica y del caribe norte': 1, 'De la virgen y turistica': 4, 'Industrial de la bahia': 1}",2,"{'Historica y del caribe norte': 1, 'De la virgen y turistica': 2, 'Industrial de la bahia': 1}",{}
106,30504,2616,45,9,2562,11282,0.32033639143730885,"{'Historica y del caribe norte': [10054, 0, 0, 476, 21, 0, 4, 0, 3, 4, 0, 4, 1681, 0, 13], 'Industrial de la bahia': [12170, 0, 0, 1210, 67, 0, 19, 0, 13, 1, 0, 1, 3117, 0, 20], 'De la virgen y turistica': [8280, 0, 0, 876, 44, 0, 22, 0, 17, 4, 0, 4, 6484, 0, 87]}","[6912, 0, 0, 0, 0, 0, 0, 0, 0, 0, 0, 0, 176, 0, 0]","[6712, 0, 0, 81, 3, 0, 0, 0, 0, 0, 0, 0, 479, 0, 0]","[7624, 0, 0, 1309, 73, 0, 7, 0, 4, 1, 0, 1, 5722, 0, 24]","[5327, 0, 0, 935, 46, 0, 30, 0, 23, 1, 0, 1, 3750, 0, 56]","[3929, 0, 0, 237, 10, 0, 8, 0, 6, 7, 0, 7, 1155, 0, 40]","[24188, 1480, 21, 4, 6693]","[0, 0, 0, 0, 0]",44402,106,1.1178550515742534,0.7551686860952209,0.5758073960632404,4.130742343541944,2.7905292942743007,2.1277463382157125,132,162,12,67,4,0,0,"{'Historica y del caribe norte': 0.0012275963663147557, 'De la virgen y turistica': 0.004915102770330653, 'Industrial de la bahia': 0.0011503299630683539}",0.0024996622078097552,"{'Historica y del caribe norte': 0.047619047619047616, 'De la virgen y turistica': 0.02702702702702703, 'Industrial de la bahia': 0.0}",0.024096385542168676,4,"{'Historica y del caribe norte': 1, 'De la virgen y turistica': 4, 'Industrial de la bahia': 1}",2,"{'Historica y del caribe norte': 1, 'De la virgen y turistica': 2, 'Industrial de la bahia': 1}",{}
107,30434,2535,50,10,2475,11433,0.30138067061143986,"{'Historica y del caribe norte': [10040, 0, 0, 472, 15, 0, 4, 0, 1, 5, 0, 5, 1698, 0, 14], 'Industrial de la bahia': [12124, 0, 0, 1181, 52, 0, 22, 0, 13, 1, 0, 1, 3189, 0, 21], 'De la virgen y turistica': [8270, 0, 0, 822, 23, 0, 24, 0, 15, 4, 0, 4, 6546, 0, 89]}","[6912, 0, 0, 0, 0, 0, 0, 0, 0, 0, 0, 0, 176, 0, 0]","[6710, 0, 0, 73, 2, 0, 0, 0, 0, 0, 0, 0, 489, 0, 0]","[7584, 0, 0, 1264, 49, 0, 10, 0, 4, 1, 0, 1, 5804, 0, 24]","[5306, 0, 0, 901, 33, 0, 32, 0, 21, 2, 0, 2, 3802, 0, 58]","[3922, 0, 0, 237, 6, 0, 8, 0, 4, 7, 0, 7, 1162, 0, 42]","[25869, 1681, 37, 8, 8014]","[0, 0, 0, 0, 0]",44402,107,0.6067294266024053,0.41133282284581774,0.3743525066438449,3.063800750597066,2.077106789491641,1.8903673376549528,90,163,21,67,4,0,0,"{'Historica y del caribe norte': 0.0012275963663147557, 'De la virgen y turistica': 0.004915102770330653, 'Industrial de la bahia': 0.0012108736453351092}",0.002522181687159393,"{'Historica y del caribe norte': 0.047619047619047616, 'De la virgen y turistica': 0.02702702702702703, 'Industrial de la bahia': 0.0}",0.023952095808383235,4,"{'Historica y del caribe norte': 1, 'De la virgen y turistica': 4, 'Industrial de la bahia': 1}",2,"{'Historica y del caribe norte': 1, 'De la virgen y turistica': 2, 'Industrial de la bahia': 1}",{}
108,30247,2506,54,10,2442,11649,0.3148443735035914,"{'Historica y del caribe norte': [9999, 0, 0, 473, 26, 0, 5, 0, 2, 5, 0, 5, 1737, 0, 14], 'Industrial de la bahia': [12028, 0, 0, 1183, 68, 0, 24, 0, 14, 1, 0, 1, 3281, 0, 21], 'De la virgen y turistica': [8220, 0, 0, 786, 25, 0, 25, 0, 19, 4, 0, 4, 6631, 0, 89]}","[6912, 0, 0, 0, 0, 0, 0, 0, 0, 0, 0, 0, 176, 0, 0]","[6701, 0, 0, 72, 4, 0, 1, 0, 0, 0, 0, 0, 498, 0, 0]","[7495, 0, 0, 1236, 61, 0, 10, 0, 5, 1, 0, 1, 5921, 0, 24]","[5243, 0, 0, 889, 35, 0, 34, 0, 24, 2, 0, 2, 3875, 0, 58]","[3896, 0, 0, 245, 19, 0, 9, 0, 6, 7, 0, 7, 1179, 0, 42]","[22393, 1015, 21, 4, 5529]","[0, 0, 0, 0, 0]",44402,108,1.7993558848700508,1.21717490203144,0.8269672537273096,5.174546632124352,3.500323834196891,2.3781735751295336,119,169,19,67,4,0,0,"{'Historica y del caribe norte': 0.0012275963663147557, 'De la virgen y turistica': 0.005106600280863015, 'Industrial de la bahia': 0.0012714173276018649}",0.002612259604557943,"{'Historica y del caribe norte': 0.045454545454545456, 'De la virgen y turistica': 0.02608695652173913, 'Industrial de la bahia': 0.0}",0.023121387283236993,4,"{'Historica y del caribe norte': 1, 'De la virgen y turistica': 4, 'Industrial de la bahia': 1}",2,"{'Historica y del caribe norte': 1, 'De la virgen y turistica': 2, 'Industrial de la bahia': 1}",{}
109,30172,2377,54,9,2314,11853,0.29575094657130835,"{'Historica y del caribe norte': [9982, 0, 0, 452, 28, 0, 5, 0, 2, 4, 0, 4, 1776, 0, 15], 'Industrial de la bahia': [11993, 0, 0, 1123, 67, 0, 24, 0, 17, 1, 0, 1, 3376, 0, 21], 'De la virgen y turistica': [8197, 0, 0, 739, 40, 0, 25, 0, 18, 4, 0, 4, 6701, 0, 90]}","[6912, 0, 0, 0, 0, 0, 0, 0, 0, 0, 0, 0, 176, 0, 0]","[6701, 0, 0, 63, 5, 0, 1, 0, 0, 0, 0, 0, 507, 0, 0]","[7448, 0, 0, 1184, 75, 0, 10, 0, 6, 1, 0, 1, 6020, 0, 24]","[5219, 0, 0, 841, 43, 0, 35, 0, 26, 2, 0, 2, 3946, 0, 58]","[3892, 0, 0, 226, 12, 0, 8, 0, 5, 6, 0, 6, 1204, 0, 44]","[25242, 1481, 43, 8, 7947]","[0, 0, 0, 0, 0]",44402,109,0.7240439619836945,0.49768028467186165,0.4350254493040854,3.32083462452226,2.2826154322900525,1.9952484247495093,135,172,17,67,4,0,0,"{'Historica y del caribe norte': 0.0012275963663147557, 'De la virgen y turistica': 0.005106600280863015, 'Industrial de la bahia': 0.0014530483744021312}",0.0026798180426068547,"{'Historica y del caribe norte': 0.045454545454545456, 'De la virgen y turistica': 0.02608695652173913, 'Industrial de la bahia': 0.0}",0.022727272727272728,4,"{'Historica y del caribe norte': 1, 'De la virgen y turistica': 4, 'Industrial de la bahia': 1}",2,"{'Historica y del caribe norte': 1, 'De la virgen y turistica': 2, 'Industrial de la bahia': 1}",{}
110,29978,2385,54,8,2323,12039,0.31236897274633124,"{'Historica y del caribe norte': [9943, 0, 0, 452, 36, 0, 5, 0, 2, 3, 0, 3, 1816, 0, 16], 'Industrial de la bahia': [11892, 0, 0, 1154, 67, 0, 23, 0, 16, 1, 0, 1, 3447, 0, 23], 'De la virgen y turistica': [8143, 0, 0, 717, 33, 0, 26, 0, 19, 4, 0, 4, 6776, 0, 90]}","[6912, 0, 0, 0, 0, 0, 0, 0, 0, 0, 0, 0, 176, 0, 0]","[6697, 0, 0, 64, 2, 0, 1, 0, 0, 0, 0, 0, 510, 0, 0]","[7344, 0, 0, 1195, 72, 0, 9, 0, 6, 1, 0, 1, 6114, 0, 25]","[5145, 0, 0, 846, 52, 0, 35, 0, 26, 2, 0, 2, 4015, 0, 59]","[3880, 0, 0, 218, 10, 0, 9, 0, 5, 5, 0, 5, 1224, 0, 45]","[22094, 935, 29, 1, 5667]","[0, 0, 0, 0, 0]",44402,110,1.8459303634971398,1.2507769920273861,0.8305706950137381,5.228565960704262,3.542804286807859,2.352577188058178,136,174,17,67,4,0,0,"{'Historica y del caribe norte': 0.0012275963663147557, 'De la virgen y turistica': 0.005170432784373803, 'Industrial de la bahia': 0.0015135920566688866}",0.00272485700130613,"{'Historica y del caribe norte': 0.045454545454545456, 'De la virgen y turistica': 0.02586206896551724, 'Industrial de la bahia': 0.0}",0.02247191011235955,4,"{'Historica y del caribe norte': 1, 'De la virgen y turistica': 4, 'Industrial de la bahia': 1}",2,"{'Historica y del caribe norte': 1, 'De la virgen y turistica': 2, 'Industrial de la bahia': 1}",{}
111,29804,2358,55,7,2296,12240,0.3159457167090755,"{'Historica y del caribe norte': [9893, 0, 0, 468, 36, 0, 5, 0, 3, 3, 0, 3, 1850, 0, 17], 'Industrial de la bahia': [11806, 0, 0, 1150, 93, 0, 22, 0, 19, 1, 0, 1, 3538, 0, 24], 'De la virgen y turistica': [8105, 0, 0, 678, 48, 0, 28, 0, 23, 3, 0, 3, 6852, 0, 91]}","[6912, 0, 0, 0, 0, 0, 0, 0, 0, 0, 0, 0, 176, 0, 0]","[6692, 0, 0, 62, 4, 0, 1, 0, 0, 0, 0, 0, 517, 0, 0]","[7262, 0, 0, 1173, 90, 0, 8, 0, 8, 1, 0, 1, 6219, 0, 26]","[5077, 0, 0, 844, 68, 0, 37, 0, 30, 2, 0, 2, 4083, 0, 60]","[3861, 0, 0, 217, 15, 0, 9, 0, 7, 4, 0, 4, 1245, 0, 46]","[22180, 1016, 29, 3, 5902]","[0, 0, 0, 0, 0]",44402,111,1.752916535291203,1.192040899058601,0.810864375478582,5.096451021477213,3.4657543216343636,2.35751702462022,177,184,10,67,4,0,0,"{'Historica y del caribe norte': 0.0013094361240690727, 'De la virgen y turistica': 0.005425762798416954, 'Industrial de la bahia': 0.001695223103469153}",0.0029050128361032294,"{'Historica y del caribe norte': 0.041666666666666664, 'De la virgen y turistica': 0.025, 'Industrial de la bahia': 0.0}",0.02127659574468085,4,"{'Historica y del caribe norte': 1, 'De la virgen y turistica': 4, 'Industrial de la bahia': 1}",2,"{'Historica y del caribe norte': 1, 'De la virgen y turistica': 2, 'Industrial de la bahia': 1}",{}
112,29642,2319,56,7,2256,12441,0.31565329883570503,"{'Historica y del caribe norte': [9861, 0, 0, 462, 37, 0, 7, 0, 4, 2, 0, 2, 1887, 0, 18], 'Industrial de la bahia': [11714, 0, 0, 1147, 88, 0, 20, 0, 18, 2, 0, 2, 3634, 0, 26], 'De la virgen y turistica': [8067, 0, 0, 647, 42, 0, 29, 0, 23, 3, 0, 3, 6920, 0, 92]}","[6912, 0, 0, 0, 0, 0, 0, 0, 0, 0, 0, 0, 176, 0, 0]","[6688, 0, 0, 60, 4, 0, 1, 0, 1, 0, 0, 0, 523, 0, 0]","[7175, 0, 0, 1163, 84, 0, 8, 0, 8, 1, 0, 1, 6316, 0, 26]","[5021, 0, 0, 817, 63, 0, 38, 0, 28, 2, 0, 2, 4165, 0, 64]","[3846, 0, 0, 216, 16, 0, 9, 0, 8, 4, 0, 4, 1261, 0, 46]","[21998, 998, 36, 3, 5949]","[0, 0, 0, 0, 0]",44402,112,1.8086347461826044,1.2221071122922391,0.834219179316247,5.208652224672461,3.51952263588014,2.4024516798547153,167,188,11,67,4,0,0,"{'Historica y del caribe norte': 0.00139127588182339, 'De la virgen y turistica': 0.005425762798416954, 'Industrial de la bahia': 0.0017557667857359084}",0.002950051794802504,"{'Historica y del caribe norte': 0.04, 'De la virgen y turistica': 0.024793388429752067, 'Industrial de la bahia': 0.0}",0.020833333333333332,4,"{'Historica y del caribe norte': 1, 'De la virgen y turistica': 4, 'Industrial de la bahia': 1}",2,"{'Historica y del caribe norte': 1, 'De la virgen y turistica': 2, 'Industrial de la bahia': 1}",{}
113,29482,2318,58,7,2253,12602,0.321397756686799,"{'Historica y del caribe norte': [9828, 0, 0, 461, 41, 0, 8, 0, 4, 2, 0, 2, 1920, 0, 18], 'Industrial de la bahia': [11626, 0, 0, 1163, 97, 0, 20, 0, 14, 3, 0, 3, 3705, 0, 29], 'De la virgen y turistica': [8028, 0, 0, 629, 39, 0, 30, 0, 24, 2, 0, 2, 6977, 0, 93]}","[6912, 0, 0, 0, 0, 0, 0, 0, 0, 0, 0, 0, 176, 0, 0]","[6687, 0, 0, 58, 4, 0, 1, 0, 1, 0, 0, 0, 526, 0, 0]","[7103, 0, 0, 1160, 88, 0, 9, 0, 8, 1, 0, 1, 6390, 0, 26]","[4945, 0, 0, 825, 71, 0, 40, 0, 27, 2, 0, 2, 4231, 0, 66]","[3835, 0, 0, 210, 14, 0, 8, 0, 6, 4, 0, 4, 1279, 0, 48]","[22094, 971, 30, 3, 6039]","[0, 0, 0, 0, 0]",44402,113,1.742804378181163,1.2024233142651233,0.8110895905589838,5.069374385849984,3.4975433999344907,2.359253193580085,177,189,16,67,4,0,0,"{'Historica y del caribe norte': 0.00139127588182339, 'De la virgen y turistica': 0.005489595301927741, 'Industrial de la bahia': 0.0017557667857359084}",0.0029725712741521418,"{'Historica y del caribe norte': 0.04, 'De la virgen y turistica': 0.02459016393442623, 'Industrial de la bahia': 0.0}",0.02072538860103627,4,"{'Historica y del caribe norte': 1, 'De la virgen y turistica': 4, 'Industrial de la bahia': 1}",2,"{'Historica y del caribe norte': 1, 'De la virgen y turistica': 2, 'Industrial de la bahia': 1}",{}
114,29329,2343,60,8,2275,12730,0.3286384976525822,"{'Historica y del caribe norte': [9796, 0, 0, 466, 31, 0, 10, 0, 4, 2, 0, 2, 1945, 0, 18], 'Industrial de la bahia': [11536, 0, 0, 1192, 75, 0, 21, 0, 15, 3, 0, 3, 3765, 0, 29], 'De la virgen y turistica': [7997, 0, 0, 617, 30, 0, 29, 0, 21, 3, 0, 3, 7020, 0, 96]}","[6912, 0, 0, 0, 0, 0, 0, 0, 0, 0, 0, 0, 176, 0, 0]","[6682, 0, 0, 60, 2, 0, 1, 0, 1, 0, 0, 0, 529, 0, 0]","[7023, 0, 0, 1178, 63, 0, 10, 0, 8, 1, 0, 1, 6451, 0, 26]","[4893, 0, 0, 824, 59, 0, 40, 0, 24, 3, 0, 3, 4283, 0, 69]","[3819, 0, 0, 213, 12, 0, 9, 0, 7, 4, 0, 4, 1291, 0, 48]","[21794, 918, 28, 4, 5925]","[0, 0, 0, 0, 0]",44402,114,1.8889464438538806,1.2684563758389262,0.8510202243142201,5.331023962372084,3.5798639801690713,2.401766986588699,136,191,20,67,4,0,0,"{'Historica y del caribe norte': 0.00139127588182339, 'De la virgen y turistica': 0.005489595301927741, 'Industrial de la bahia': 0.001816310468002664}",0.002995090753501779,"{'Historica y del caribe norte': 0.04, 'De la virgen y turistica': 0.024390243902439025, 'Industrial de la bahia': 0.0}",0.020512820512820513,4,"{'Historica y del caribe norte': 1, 'De la virgen y turistica': 4, 'Industrial de la bahia': 1}",2,"{'Historica y del caribe norte': 1, 'De la virgen y turistica': 2, 'Industrial de la bahia': 1}",{}
115,29155,2334,64,8,2262,12913,0.3444730077120823,"{'Historica y del caribe norte': [9753, 0, 0, 474, 36, 0, 13, 0, 5, 2, 0, 2, 1977, 0, 18], 'Industrial de la bahia': [11440, 0, 0, 1202, 104, 0, 22, 0, 15, 3, 0, 3, 3850, 0, 29], 'De la virgen y turistica': [7962, 0, 0, 586, 41, 0, 29, 0, 23, 3, 0, 3, 7086, 0, 96]}","[6912, 0, 0, 0, 0, 0, 0, 0, 0, 0, 0, 0, 176, 0, 0]","[6679, 0, 0, 54, 5, 0, 1, 0, 1, 0, 0, 0, 538, 0, 0]","[6932, 0, 0, 1159, 98, 0, 10, 0, 8, 1, 0, 1, 6561, 0, 26]","[4830, 0, 0, 830, 60, 0, 42, 0, 27, 3, 0, 3, 4338, 0, 69]","[3802, 0, 0, 219, 18, 0, 11, 0, 7, 4, 0, 4, 1300, 0, 48]","[21588, 903, 33, 3, 5928]","[0, 0, 0, 0, 0]",44402,115,1.9170758073960632,1.301022476465024,0.860479257691095,5.337806483978178,3.622499529692105,2.3958738320687276,181,194,21,67,4,0,0,"{'Historica y del caribe norte': 0.0014731156395777069, 'De la virgen y turistica': 0.005617260308949317, 'Industrial de la bahia': 0.001816310468002664}",0.0030626491915506913,"{'Historica y del caribe norte': 0.038461538461538464, 'De la virgen y turistica': 0.024, 'Industrial de la bahia': 0.0}",0.020202020202020204,4,"{'Historica y del caribe norte': 1, 'De la virgen y turistica': 4, 'Industrial de la bahia': 1}",2,"{'Historica y del caribe norte': 1, 'De la virgen y turistica': 2, 'Industrial de la bahia': 1}",{}
116,29087,2220,67,7,2146,13095,0.31891891891891894,"{'Historica y del caribe norte': [9734, 0, 0, 459, 29, 0, 14, 0, 7, 2, 0, 2, 2010, 0, 18], 'Industrial de la bahia': [11405, 0, 0, 1141, 56, 0, 25, 0, 15, 3, 0, 3, 3943, 0, 30], 'De la virgen y turistica': [7948, 0, 0, 546, 21, 0, 28, 0, 23, 2, 0, 2, 7142, 0, 99]}","[6912, 0, 0, 0, 0, 0, 0, 0, 0, 0, 0, 0, 176, 0, 0]","[6678, 0, 0, 48, 1, 0, 1, 0, 1, 0, 0, 0, 545, 0, 0]","[6902, 0, 0, 1092, 52, 0, 9, 0, 7, 1, 0, 1, 6659, 0, 27]","[4800, 0, 0, 795, 43, 0, 43, 0, 30, 3, 0, 3, 4402, 0, 71]","[3795, 0, 0, 211, 10, 0, 14, 0, 7, 3, 0, 3, 1313, 0, 49]","[24048, 1298, 54, 2, 8409]","[0, 0, 0, 0, 0]",44402,116,0.8724156569523895,0.5968875275888473,0.47984325030404035,3.657539420262487,2.5024077046548956,2.0117080540081202,106,199,22,67,4,0,0,"{'Historica y del caribe norte': 0.001636795155086341, 'De la virgen y turistica': 0.005744925315970892, 'Industrial de la bahia': 0.0018768541502694194}",0.0031752465882988784,"{'Historica y del caribe norte': 0.03571428571428571, 'De la virgen y turistica': 0.023622047244094488, 'Industrial de la bahia': 0.0}",0.019704433497536946,4,"{'Historica y del caribe norte': 1, 'De la virgen y turistica': 4, 'Industrial de la bahia': 1}",2,"{'Historica y del caribe norte': 1, 'De la virgen y turistica': 2, 'Industrial de la bahia': 1}",{}
117,28961,2180,69,7,2104,13261,0.3174311926605505,"{'Historica y del caribe norte': [9704, 0, 0, 456, 21, 0, 13, 0, 7, 2, 0, 2, 2044, 0, 19], 'Industrial de la bahia': [11337, 0, 0, 1126, 55, 0, 26, 0, 18, 3, 0, 3, 4025, 0, 31], 'De la virgen y turistica': [7920, 0, 0, 522, 23, 0, 30, 0, 24, 2, 0, 2, 7192, 0, 99]}","[6912, 0, 0, 0, 0, 0, 0, 0, 0, 0, 0, 0, 176, 0, 0]","[6674, 0, 0, 48, 3, 0, 1, 0, 1, 0, 0, 0, 549, 0, 0]","[6832, 0, 0, 1073, 52, 0, 8, 0, 6, 1, 0, 1, 6749, 0, 29]","[4762, 0, 0, 775, 33, 0, 44, 0, 34, 3, 0, 3, 4459, 0, 71]","[3781, 0, 0, 208, 11, 0, 16, 0, 8, 3, 0, 3, 1328, 0, 49]","[21716, 895, 28, 0, 6305]","[0, 0, 0, 0, 0]",44402,117,1.8062249448223053,1.2221971983243998,0.8277555065087159,5.18825203777979,3.51067408461638,2.377668521154095,99,205,20,67,4,0,0,"{'Historica y del caribe norte': 0.001636795155086341, 'De la virgen y turistica': 0.00580875781948168, 'Industrial de la bahia': 0.002119028879336441}",0.0032878439850470655,"{'Historica y del caribe norte': 0.034482758620689655, 'De la virgen y turistica': 0.0234375, 'Industrial de la bahia': 0.0}",0.019138755980861243,4,"{'Historica y del caribe norte': 1, 'De la virgen y turistica': 4, 'Industrial de la bahia': 1}",2,"{'Historica y del caribe norte': 1, 'De la virgen y turistica': 2, 'Industrial de la bahia': 1}",{}
118,28819,2127,71,6,2050,13456,0.3168782322519981,"{'Historica y del caribe norte': [9672, 0, 0, 449, 43, 0, 14, 0, 9, 1, 0, 1, 2083, 0, 20], 'Industrial de la bahia': [11259, 0, 0, 1100, 81, 0, 26, 0, 19, 3, 0, 3, 4129, 0, 31], 'De la virgen y turistica': [7888, 0, 0, 501, 29, 0, 31, 0, 26, 2, 0, 2, 7244, 0, 100]}","[6912, 0, 0, 0, 0, 0, 0, 0, 0, 0, 0, 0, 176, 0, 0]","[6672, 0, 0, 47, 3, 0, 1, 0, 1, 0, 0, 0, 552, 0, 0]","[6763, 0, 0, 1044, 84, 0, 11, 0, 7, 1, 0, 1, 6844, 0, 29]","[4704, 0, 0, 758, 50, 0, 43, 0, 37, 3, 0, 3, 4535, 0, 72]","[3768, 0, 0, 201, 16, 0, 16, 0, 9, 2, 0, 2, 1349, 0, 50]","[21561, 825, 34, 1, 6273]","[0, 0, 0, 0, 0]",44402,118,1.8613350749966218,1.2657087518580243,0.8476870411242737,5.261459129106188,3.5777947542653425,2.3961675579322637,153,211,17,67,5,0,0,"{'Historica y del caribe norte': 0.001718634912840658, 'De la virgen y turistica': 0.006000255330014043, 'Industrial de la bahia': 0.0021795725616031965}",0.003400441381795253,"{'Historica y del caribe norte': 0.03225806451612903, 'De la virgen y turistica': 0.022900763358778626, 'Industrial de la bahia': 0.0}",0.018604651162790697,4,"{'Historica y del caribe norte': 1, 'De la virgen y turistica': 4, 'Industrial de la bahia': 1}",2,"{'Historica y del caribe norte': 1, 'De la virgen y turistica': 2, 'Industrial de la bahia': 1}",{}
119,28685,2075,77,6,1992,13642,0.30457831325301205,"{'Historica y del caribe norte': [9635, 0, 0, 446, 28, 0, 15, 0, 12, 1, 0, 1, 2122, 0, 20], 'Industrial de la bahia': [11189, 0, 0, 1069, 68, 0, 30, 0, 19, 3, 0, 3, 4226, 0, 32], 'De la virgen y turistica': [7861, 0, 0, 477, 27, 0, 32, 0, 25, 2, 0, 2, 7294, 0, 101]}","[6912, 0, 0, 0, 0, 0, 0, 0, 0, 0, 0, 0, 176, 0, 0]","[6671, 0, 0, 44, 1, 0, 1, 0, 1, 0, 0, 0, 556, 0, 0]","[6690, 0, 0, 1032, 62, 0, 13, 0, 6, 1, 0, 1, 6927, 0, 30]","[4664, 0, 0, 722, 45, 0, 48, 0, 39, 3, 0, 3, 4606, 0, 72]","[3748, 0, 0, 194, 15, 0, 15, 0, 10, 2, 0, 2, 1377, 0, 51]","[21443, 870, 41, 4, 6408]","[0, 0, 0, 0, 0]",44402,119,1.815774064231341,1.249741002657538,0.8431602180081978,5.156305960603735,3.5489255564082884,2.3943463801483755,123,215,21,67,5,0,0,"{'Historica y del caribe norte': 0.001800474670594975, 'De la virgen y turistica': 0.006000255330014043, 'Industrial de la bahia': 0.0022401162438699523}",0.003445480340494528,"{'Historica y del caribe norte': 0.029411764705882353, 'De la virgen y turistica': 0.022900763358778626, 'Industrial de la bahia': 0.0}",0.0182648401826484,4,"{'Historica y del caribe norte': 1, 'De la virgen y turistica': 4, 'Industrial de la bahia': 1}",2,"{'Historica y del caribe norte': 1, 'De la virgen y turistica': 2, 'Industrial de la bahia': 1}",{}
120,28549,2087,76,8,2003,13766,0.319597508385242,"{'Historica y del caribe norte': [9597, 0, 0, 464, 33, 0, 13, 0, 11, 3, 0, 3, 2142, 0, 20], 'Industrial de la bahia': [11112, 0, 0, 1083, 81, 0, 31, 0, 23, 3, 0, 3, 4288, 0, 32], 'De la virgen y turistica': [7840, 0, 0, 456, 28, 0, 32, 0, 26, 2, 0, 2, 7336, 0, 101]}","[6912, 0, 0, 0, 0, 0, 0, 0, 0, 0, 0, 0, 176, 0, 0]","[6668, 0, 0, 44, 1, 0, 1, 0, 1, 0, 0, 0, 559, 0, 0]","[6619, 0, 0, 1033, 70, 0, 13, 0, 6, 1, 0, 1, 6997, 0, 30]","[4616, 0, 0, 728, 54, 0, 48, 0, 41, 4, 0, 4, 4647, 0, 72]","[3734, 0, 0, 198, 17, 0, 14, 0, 12, 3, 0, 3, 1387, 0, 51]","[21493, 828, 37, 3, 6478]","[0, 0, 0, 0, 0]",44402,120,1.823589027521283,1.241543173730913,0.8305706950137381,5.202788665424404,3.542183383666388,2.3696588061427746,142,221,16,67,5,0,0,"{'Historica y del caribe norte': 0.001800474670594975, 'De la virgen y turistica': 0.006064087833524831, 'Industrial de la bahia': 0.002361203608403463}",0.0035130387785434402,"{'Historica y del caribe norte': 0.02857142857142857, 'De la virgen y turistica': 0.022727272727272728, 'Industrial de la bahia': 0.0}",0.017777777777777778,4,"{'Historica y del caribe norte': 1, 'De la virgen y turistica': 4, 'Industrial de la bahia': 1}",2,"{'Historica y del caribe norte': 1, 'De la virgen y turistica': 2, 'Industrial de la bahia': 1}",{}
121,28404,2141,79,8,2054,13857,0.338626809901915,"{'Historica y del caribe norte': [9562, 0, 0, 482, 35, 0, 15, 0, 11, 3, 0, 3, 2157, 0, 20], 'Industrial de la bahia': [11029, 0, 0, 1113, 79, 0, 31, 0, 23, 3, 0, 3, 4341, 0, 34], 'De la virgen y turistica': [7813, 0, 0, 459, 21, 0, 33, 0, 28, 2, 0, 2, 7359, 0, 101]}","[6912, 0, 0, 0, 0, 0, 0, 0, 0, 0, 0, 0, 176, 0, 0]","[6661, 0, 0, 49, 6, 0, 1, 0, 1, 0, 0, 0, 561, 0, 0]","[6552, 0, 0, 1051, 64, 0, 13, 0, 7, 0, 0, 0, 7047, 0, 31]","[4557, 0, 0, 754, 55, 0, 47, 0, 40, 5, 0, 5, 4680, 0, 73]","[3722, 0, 0, 200, 10, 0, 18, 0, 14, 3, 0, 3, 1393, 0, 51]","[21204, 855, 36, 1, 6225]","[0, 0, 0, 0, 0]",44402,121,1.9484032250799515,1.328926624926805,0.8691725597946038,5.379827125178783,3.669361358124495,2.3999129407375164,135,225,17,67,5,0,0,"{'Historica y del caribe norte': 0.001800474670594975, 'De la virgen y turistica': 0.006191752840546406, 'Industrial de la bahia': 0.002361203608403463}",0.003558077737242715,"{'Historica y del caribe norte': 0.02857142857142857, 'De la virgen y turistica': 0.022388059701492536, 'Industrial de la bahia': 0.0}",0.017467248908296942,4,"{'Historica y del caribe norte': 1, 'De la virgen y turistica': 4, 'Industrial de la bahia': 1}",2,"{'Historica y del caribe norte': 1, 'De la virgen y turistica': 2, 'Industrial de la bahia': 1}",{}
122,28292,2134,75,9,2050,13976,0.3430178069353327,"{'Historica y del caribe norte': [9534, 0, 0, 486, 39, 0, 15, 0, 12, 3, 0, 3, 2181, 0, 20], 'Industrial de la bahia': [10959, 0, 0, 1117, 78, 0, 29, 0, 21, 4, 0, 4, 4408, 0, 35], 'De la virgen y turistica': [7799, 0, 0, 447, 19, 0, 31, 0, 26, 2, 0, 2, 7387, 0, 105]}","[6912, 0, 0, 0, 0, 0, 0, 0, 0, 0, 0, 0, 176, 0, 0]","[6659, 0, 0, 47, 5, 0, 1, 0, 1, 0, 0, 0, 565, 0, 0]","[6498, 0, 0, 1043, 60, 0, 14, 0, 10, 0, 0, 0, 7108, 0, 31]","[4512, 0, 0, 764, 55, 0, 44, 0, 36, 5, 0, 5, 4718, 0, 77]","[3711, 0, 0, 196, 16, 0, 16, 0, 12, 4, 0, 4, 1409, 0, 52]","[21394, 861, 32, 4, 6559]","[0, 0, 0, 0, 0]",44402,122,1.8019909013107518,1.2344038556821766,0.8280933291293185,5.144804526748971,3.5243055555555554,2.36426183127572,136,228,16,67,5,0,0,"{'Historica y del caribe norte': 0.0018823144283492922, 'De la virgen y turistica': 0.006319417847567982, 'Industrial de la bahia': 0.002361203608403463}",0.0036256361752916274,"{'Historica y del caribe norte': 0.027777777777777776, 'De la virgen y turistica': 0.022058823529411766, 'Industrial de la bahia': 0.0}",0.017241379310344827,4,"{'Historica y del caribe norte': 1, 'De la virgen y turistica': 4, 'Industrial de la bahia': 1}",2,"{'Historica y del caribe norte': 1, 'De la virgen y turistica': 2, 'Industrial de la bahia': 1}",{}
123,28245,2046,74,9,1963,14111,0.3181818181818182,"{'Historica y del caribe norte': [9518, 0, 0, 474, 22, 0, 15, 0, 13, 3, 0, 3, 2209, 0, 20], 'Industrial de la bahia': [10940, 0, 0, 1068, 42, 0, 29, 0, 25, 4, 0, 4, 4476, 0, 36], 'De la virgen y turistica': [7787, 0, 0, 421, 15, 0, 30, 0, 27, 2, 0, 2, 7426, 0, 106]}","[6912, 0, 0, 0, 0, 0, 0, 0, 0, 0, 0, 0, 176, 0, 0]","[6657, 0, 0, 44, 3, 0, 1, 0, 1, 0, 0, 0, 570, 0, 0]","[6473, 0, 0, 994, 48, 0, 14, 0, 13, 0, 0, 0, 7182, 0, 31]","[4499, 0, 0, 734, 21, 0, 44, 0, 40, 5, 0, 5, 4761, 0, 78]","[3704, 0, 0, 191, 7, 0, 15, 0, 11, 4, 0, 4, 1422, 0, 53]","[23632, 1254, 51, 7, 9177]","[0, 0, 0, 0, 0]",44402,123,0.8121706229449124,0.5521147696049727,0.4719832439980181,3.507635444022955,2.3844956716272736,2.0384203871218753,79,236,9,67,5,0,0,"{'Historica y del caribe norte': 0.001964154186103609, 'De la virgen y turistica': 0.006447082854589557, 'Industrial de la bahia': 0.0026639220197372405}",0.003805792010088727,"{'Historica y del caribe norte': 0.02702702702702703, 'De la virgen y turistica': 0.021739130434782608, 'Industrial de la bahia': 0.0}",0.016666666666666666,4,"{'Historica y del caribe norte': 1, 'De la virgen y turistica': 4, 'Industrial de la bahia': 1}",2,"{'Historica y del caribe norte': 1, 'De la virgen y turistica': 2, 'Industrial de la bahia': 1}",{}
124,28084,2063,68,7,1988,14255,0.3325254483761512,"{'Historica y del caribe norte': [9474, 0, 0, 482, 34, 0, 15, 0, 13, 3, 0, 3, 2245, 0, 20], 'Industrial de la bahia': [10856, 0, 0, 1085, 48, 0, 27, 0, 23, 3, 0, 3, 4546, 0, 40], 'De la virgen y turistica': [7754, 0, 0, 421, 22, 0, 26, 0, 23, 1, 0, 1, 7464, 0, 111]}","[6912, 0, 0, 0, 0, 0, 0, 0, 0, 0, 0, 0, 176, 0, 0]","[6651, 0, 0, 48, 4, 0, 1, 0, 1, 0, 0, 0, 572, 0, 0]","[6380, 0, 0, 1015, 53, 0, 13, 0, 12, 0, 0, 0, 7255, 0, 32]","[4450, 0, 0, 731, 35, 0, 40, 0, 36, 5, 0, 5, 4817, 0, 83]","[3691, 0, 0, 194, 12, 0, 14, 0, 10, 2, 0, 2, 1435, 0, 56]","[21155, 764, 34, 3, 6472]","[0, 0, 0, 0, 0]",44402,124,1.8991712085041215,1.2954371424710598,0.8680690059006351,5.279015900838863,3.6008513834981843,2.4129209966195067,104,237,9,67,5,0,0,"{'Historica y del caribe norte': 0.001964154186103609, 'De la virgen y turistica': 0.006447082854589557, 'Industrial de la bahia': 0.002724465702003996}",0.003828311489438364,"{'Historica y del caribe norte': 0.02702702702702703, 'De la virgen y turistica': 0.021739130434782608, 'Industrial de la bahia': 0.0}",0.016597510373443983,4,"{'Historica y del caribe norte': 1, 'De la virgen y turistica': 4, 'Industrial de la bahia': 1}",2,"{'Historica y del caribe norte': 1, 'De la virgen y turistica': 2, 'Industrial de la bahia': 1}",{}
125,27939,2028,68,7,1953,14435,0.33579881656804733,"{'Historica y del caribe norte': [9435, 0, 0, 482, 33, 0, 18, 0, 15, 3, 0, 3, 2281, 0, 20], 'Industrial de la bahia': [10781, 0, 0, 1067, 81, 0, 27, 0, 24, 3, 0, 3, 4639, 0, 41], 'De la virgen y turistica': [7723, 0, 0, 404, 30, 0, 23, 0, 21, 1, 0, 1, 7515, 0, 114]}","[6912, 0, 0, 0, 0, 0, 0, 0, 0, 0, 0, 0, 176, 0, 0]","[6648, 0, 0, 47, 3, 0, 1, 0, 1, 0, 0, 0, 576, 0, 0]","[6309, 0, 0, 995, 76, 0, 13, 0, 11, 0, 0, 0, 7346, 0, 33]","[4396, 0, 0, 716, 50, 0, 39, 0, 34, 5, 0, 5, 4887, 0, 86]","[3674, 0, 0, 195, 15, 0, 15, 0, 14, 2, 0, 2, 1450, 0, 56]","[21174, 827, 36, 2, 6714]","[0, 0, 0, 0, 0]",44402,125,1.8343993513805685,1.2564524120535112,0.8301427863609747,5.204869320723369,3.5650201290817303,2.355422071697872,144,242,8,67,5,0,0,"{'Historica y del caribe norte': 0.001964154186103609, 'De la virgen y turistica': 0.0065109153581003444, 'Industrial de la bahia': 0.002724465702003996}",0.0038508309687880016,"{'Historica y del caribe norte': 0.02564102564102564, 'De la virgen y turistica': 0.02158273381294964, 'Industrial de la bahia': 0.0}",0.016260162601626018,4,"{'Historica y del caribe norte': 1, 'De la virgen y turistica': 4, 'Industrial de la bahia': 1}",2,"{'Historica y del caribe norte': 1, 'De la virgen y turistica': 2, 'Industrial de la bahia': 1}",{}
126,27826,1972,63,7,1902,14604,0.3255578093306288,"{'Historica y del caribe norte': [9390, 0, 0, 493, 43, 0, 16, 0, 13, 3, 0, 3, 2317, 0, 22], 'Industrial de la bahia': [10728, 0, 0, 1032, 62, 0, 25, 0, 21, 4, 0, 4, 4728, 0, 43], 'De la virgen y turistica': [7708, 0, 0, 377, 26, 0, 22, 0, 22, 0, 0, 0, 7559, 0, 116]}","[6912, 0, 0, 0, 0, 0, 0, 0, 0, 0, 0, 0, 176, 0, 0]","[6643, 0, 0, 48, 4, 0, 1, 0, 1, 0, 0, 0, 580, 0, 0]","[6253, 0, 0, 967, 66, 0, 14, 0, 12, 0, 0, 0, 7429, 0, 33]","[4359, 0, 0, 692, 46, 0, 37, 0, 33, 4, 0, 4, 4951, 0, 89]","[3659, 0, 0, 195, 15, 0, 11, 0, 10, 3, 0, 3, 1468, 0, 59]","[21032, 790, 30, 4, 6710]","[0, 0, 0, 0, 0]",44402,126,1.8840142335930814,1.27651907571731,0.8427323093554344,5.282520838595605,3.5791866632988127,2.3629072998231875,131,244,7,67,5,0,0,"{'Historica y del caribe norte': 0.001964154186103609, 'De la virgen y turistica': 0.00663858036512192, 'Industrial de la bahia': 0.002724465702003996}",0.0038958699274872764,"{'Historica y del caribe norte': 0.02564102564102564, 'De la virgen y turistica': 0.02127659574468085, 'Industrial de la bahia': 0.0}",0.016129032258064516,4,"{'Historica y del caribe norte': 1, 'De la virgen y turistica': 4, 'Industrial de la bahia': 1}",2,"{'Historica y del caribe norte': 1, 'De la virgen y turistica': 2, 'Industrial de la bahia': 1}",{}
127,27700,1918,61,7,1850,14784,0.31230448383733056,"{'Historica y del caribe norte': [9364, 0, 0, 476, 37, 0, 18, 0, 13, 3, 0, 3, 2358, 0, 22], 'Industrial de la bahia': [10656, 0, 0, 1008, 73, 0, 23, 0, 20, 4, 0, 4, 4826, 0, 45], 'De la virgen y turistica': [7680, 0, 0, 366, 16, 0, 20, 0, 20, 0, 0, 0, 7600, 0, 118]}","[6912, 0, 0, 0, 0, 0, 0, 0, 0, 0, 0, 0, 176, 0, 0]","[6641, 0, 0, 46, 5, 0, 1, 0, 1, 0, 0, 0, 584, 0, 0]","[6185, 0, 0, 948, 65, 0, 14, 0, 12, 0, 0, 0, 7516, 0, 33]","[4312, 0, 0, 667, 45, 0, 34, 0, 30, 4, 0, 4, 5026, 0, 93]","[3650, 0, 0, 189, 11, 0, 12, 0, 10, 3, 0, 3, 1482, 0, 59]","[21047, 768, 25, 1, 6915]","[0, 0, 0, 0, 0]",44402,127,1.8326877167695148,1.2493130940047745,0.8341065717760461,5.201009842771315,3.545442924709191,2.3671225872427457,126,245,8,67,5,0,0,"{'Historica y del caribe norte': 0.001964154186103609, 'De la virgen y turistica': 0.00663858036512192, 'Industrial de la bahia': 0.0027850093842707513}",0.0039183894068369135,"{'Historica y del caribe norte': 0.02564102564102564, 'De la virgen y turistica': 0.02127659574468085, 'Industrial de la bahia': 0.0}",0.01606425702811245,4,"{'Historica y del caribe norte': 1, 'De la virgen y turistica': 4, 'Industrial de la bahia': 1}",2,"{'Historica y del caribe norte': 1, 'De la virgen y turistica': 2, 'Industrial de la bahia': 1}",{}
128,27568,1913,66,6,1841,14921,0.32043910088865657,"{'Historica y del caribe norte': [9323, 0, 0, 487, 40, 0, 18, 0, 12, 2, 0, 2, 2389, 0, 24], 'Industrial de la bahia': [10591, 0, 0, 995, 59, 0, 25, 0, 20, 4, 0, 4, 4902, 0, 46], 'De la virgen y turistica': [7654, 0, 0, 359, 30, 0, 23, 0, 20, 0, 0, 0, 7630, 0, 118]}","[6912, 0, 0, 0, 0, 0, 0, 0, 0, 0, 0, 0, 176, 0, 0]","[6641, 0, 0, 44, 0, 0, 1, 0, 1, 0, 0, 0, 586, 0, 0]","[6114, 0, 0, 956, 76, 0, 13, 0, 11, 0, 0, 0, 7580, 0, 34]","[4265, 0, 0, 650, 43, 0, 39, 0, 30, 3, 0, 3, 5086, 0, 95]","[3636, 0, 0, 191, 10, 0, 13, 0, 10, 3, 0, 3, 1493, 0, 59]","[20680, 703, 29, 1, 6543]","[0, 0, 0, 0, 0]",44402,128,2.0418449619386516,1.379442367460925,0.903405252015675,5.512708257327009,3.724309862580567,2.439073330901131,129,246,14,67,5,0,0,"{'Historica y del caribe norte': 0.001964154186103609, 'De la virgen y turistica': 0.00663858036512192, 'Industrial de la bahia': 0.0028455530665375066}",0.003940908886186551,"{'Historica y del caribe norte': 0.02564102564102564, 'De la virgen y turistica': 0.02127659574468085, 'Industrial de la bahia': 0.0}",0.016,4,"{'Historica y del caribe norte': 1, 'De la virgen y turistica': 4, 'Industrial de la bahia': 1}",2,"{'Historica y del caribe norte': 1, 'De la virgen y turistica': 2, 'Industrial de la bahia': 1}",{}
129,27455,1845,60,6,1779,15102,0.30677506775067753,"{'Historica y del caribe norte': [9294, 0, 0, 480, 29, 0, 16, 0, 12, 2, 0, 2, 2427, 0, 27], 'Industrial de la bahia': [10522, 0, 0, 963, 62, 0, 24, 0, 20, 4, 0, 4, 5004, 0, 47], 'De la virgen y turistica': [7639, 0, 0, 336, 23, 0, 20, 0, 17, 0, 0, 0, 7671, 0, 121]}","[6912, 0, 0, 0, 0, 0, 0, 0, 0, 0, 0, 0, 176, 0, 0]","[6638, 0, 0, 42, 1, 0, 0, 0, 0, 0, 0, 0, 592, 0, 1]","[6061, 0, 0, 911, 58, 0, 13, 0, 12, 0, 0, 0, 7678, 0, 34]","[4220, 0, 0, 641, 41, 0, 33, 0, 26, 3, 0, 3, 5146, 0, 101]","[3624, 0, 0, 185, 14, 0, 14, 0, 11, 3, 0, 3, 1510, 0, 59]","[20809, 733, 25, 3, 6866]","[0, 0, 0, 0, 0]",44402,129,1.9236746092518355,1.3019008152785911,0.8616503761091843,5.349805837404484,3.6206313416009017,2.396279594137542,114,250,11,67,5,0,0,"{'Historica y del caribe norte': 0.002127833701612243, 'De la virgen y turistica': 0.00663858036512192, 'Industrial de la bahia': 0.0029060967488042625}",0.004008467324235464,"{'Historica y del caribe norte': 0.023809523809523808, 'De la virgen y turistica': 0.02127659574468085, 'Industrial de la bahia': 0.0}",0.015748031496062992,4,"{'Historica y del caribe norte': 1, 'De la virgen y turistica': 4, 'Industrial de la bahia': 1}",2,"{'Historica y del caribe norte': 1, 'De la virgen y turistica': 2, 'Industrial de la bahia': 1}",{}
130,27412,1780,56,8,1716,15210,0.3044943820224719,"{'Historica y del caribe norte': [9283, 0, 0, 462, 22, 0, 15, 0, 10, 4, 0, 4, 2455, 0, 27], 'Industrial de la bahia': [10498, 0, 0, 931, 47, 0, 24, 0, 21, 4, 0, 4, 5060, 0, 47], 'De la virgen y turistica': [7631, 0, 0, 323, 9, 0, 17, 0, 14, 0, 0, 0, 7695, 0, 124]}","[6912, 0, 0, 0, 0, 0, 0, 0, 0, 0, 0, 0, 176, 0, 0]","[6638, 0, 0, 41, 2, 0, 0, 0, 0, 0, 0, 0, 593, 0, 1]","[6043, 0, 0, 877, 37, 0, 13, 0, 13, 0, 0, 0, 7730, 0, 34]","[4199, 0, 0, 619, 31, 0, 29, 0, 22, 4, 0, 4, 5192, 0, 104]","[3620, 0, 0, 179, 8, 0, 14, 0, 10, 4, 0, 4, 1519, 0, 59]","[22947, 1044, 38, 3, 9534]","[0, 0, 0, 0, 0]",44402,130,0.9058826179000946,0.6129453628214945,0.5030629250934643,3.711978589885567,2.511627906976744,2.0613695090439275,78,251,11,67,5,0,0,"{'Historica y del caribe norte': 0.002127833701612243, 'De la virgen y turistica': 0.00663858036512192, 'Industrial de la bahia': 0.002966640431071018}",0.0040309868035851015,"{'Historica y del caribe norte': 0.023809523809523808, 'De la virgen y turistica': 0.02127659574468085, 'Industrial de la bahia': 0.0}",0.01568627450980392,4,"{'Historica y del caribe norte': 1, 'De la virgen y turistica': 4, 'Industrial de la bahia': 1}",2,"{'Historica y del caribe norte': 1, 'De la virgen y turistica': 2, 'Industrial de la bahia': 1}",{}
131,27359,1734,56,8,1670,15309,0.2975778546712803,"{'Historica y del caribe norte': [9267, 0, 0, 458, 12, 0, 15, 0, 12, 4, 0, 4, 2475, 0, 27], 'Industrial de la bahia': [10476, 0, 0, 897, 28, 0, 24, 0, 20, 4, 0, 4, 5116, 0, 48], 'De la virgen y turistica': [7616, 0, 0, 315, 15, 0, 17, 0, 14, 0, 0, 0, 7718, 0, 124]}","[6912, 0, 0, 0, 0, 0, 0, 0, 0, 0, 0, 0, 176, 0, 0]","[6638, 0, 0, 38, 0, 0, 0, 0, 0, 0, 0, 0, 596, 0, 1]","[6010, 0, 0, 858, 25, 0, 13, 0, 13, 0, 0, 0, 7782, 0, 34]","[4184, 0, 0, 600, 24, 0, 29, 0, 22, 4, 0, 4, 5226, 0, 105]","[3615, 0, 0, 174, 6, 0, 14, 0, 11, 4, 0, 4, 1529, 0, 59]","[22908, 988, 34, 6, 9677]","[0, 0, 0, 0, 0]",44402,131,0.8889689653619206,0.6073825503355704,0.508580694563308,3.6585411066827325,2.4996755955139496,2.093057743998517,55,253,10,67,5,0,0,"{'Historica y del caribe norte': 0.00220967345936656, 'De la virgen y turistica': 0.00663858036512192, 'Industrial de la bahia': 0.002966640431071018}",0.004053506282934738,"{'Historica y del caribe norte': 0.022727272727272728, 'De la virgen y turistica': 0.02127659574468085, 'Industrial de la bahia': 0.0}",0.01556420233463035,4,"{'Historica y del caribe norte': 1, 'De la virgen y turistica': 4, 'Industrial de la bahia': 1}",2,"{'Historica y del caribe norte': 1, 'De la virgen y turistica': 2, 'Industrial de la bahia': 1}",{}
132,27245,1688,49,9,1630,15469,0.2962085308056872,"{'Historica y del caribe norte': [9239, 0, 0, 443, 26, 0, 13, 0, 11, 5, 0, 5, 2519, 0, 28], 'Industrial de la bahia': [10412, 0, 0, 880, 44, 0, 20, 0, 18, 4, 0, 4, 5201, 0, 53], 'De la virgen y turistica': [7594, 0, 0, 307, 15, 0, 16, 0, 15, 0, 0, 0, 7749, 0, 126]}","[6912, 0, 0, 0, 0, 0, 0, 0, 0, 0, 0, 0, 176, 0, 0]","[6632, 0, 0, 41, 4, 0, 0, 0, 0, 0, 0, 0, 599, 0, 1]","[5950, 0, 0, 833, 44, 0, 11, 0, 10, 0, 0, 0, 7869, 0, 37]","[4150, 0, 0, 584, 27, 0, 25, 0, 23, 5, 0, 5, 5279, 0, 109]","[3601, 0, 0, 172, 10, 0, 13, 0, 11, 4, 0, 4, 1546, 0, 60]","[20295, 646, 25, 3, 6573]","[0, 0, 0, 0, 0]",44402,132,2.149227512274222,1.4454078645106077,0.9329084275483086,5.660142348754448,3.8065836298932383,2.456880189798339,85,260,5,67,5,0,0,"{'Historica y del caribe norte': 0.0022915132171208775, 'De la virgen y turistica': 0.006766245372143495, 'Industrial de la bahia': 0.003148271477871284}",0.004188623159032563,"{'Historica y del caribe norte': 0.022222222222222223, 'De la virgen y turistica': 0.020833333333333332, 'Industrial de la bahia': 0.0}",0.015151515151515152,4,"{'Historica y del caribe norte': 1, 'De la virgen y turistica': 4, 'Industrial de la bahia': 1}",2,"{'Historica y del caribe norte': 1, 'De la virgen y turistica': 2, 'Industrial de la bahia': 1}",{}
133,27129,1680,49,7,1624,15593,0.3053571428571429,"{'Historica y del caribe norte': [9196, 0, 0, 458, 33, 0, 12, 0, 11, 5, 0, 5, 2548, 0, 29], 'Industrial de la bahia': [10355, 0, 0, 869, 50, 0, 21, 0, 18, 2, 0, 2, 5270, 0, 55], 'De la virgen y turistica': [7578, 0, 0, 297, 19, 0, 16, 0, 15, 0, 0, 0, 7775, 0, 126]}","[6912, 0, 0, 0, 0, 0, 0, 0, 0, 0, 0, 0, 176, 0, 0]","[6628, 0, 0, 44, 4, 0, 0, 0, 0, 0, 0, 0, 600, 0, 1]","[5890, 0, 0, 832, 59, 0, 11, 0, 10, 0, 0, 0, 7930, 0, 37]","[4116, 0, 0, 573, 24, 0, 26, 0, 23, 4, 0, 4, 5324, 0, 110]","[3583, 0, 0, 175, 15, 0, 12, 0, 11, 3, 0, 3, 1563, 0, 62]","[20221, 651, 22, 4, 6774]","[0, 0, 0, 0, 0]",44402,133,2.1008062699878383,1.407549209495068,0.9184496193865141,5.575612671846981,3.7356843992827256,2.4375971309025704,102,261,5,67,5,0,0,"{'Historica y del caribe norte': 0.0022915132171208775, 'De la virgen y turistica': 0.006766245372143495, 'Industrial de la bahia': 0.003148271477871284}",0.004188623159032563,"{'Historica y del caribe norte': 0.021739130434782608, 'De la virgen y turistica': 0.020833333333333332, 'Industrial de la bahia': 0.0}",0.01509433962264151,4,"{'Historica y del caribe norte': 1, 'De la virgen y turistica': 4, 'Industrial de la bahia': 1}",2,"{'Historica y del caribe norte': 1, 'De la virgen y turistica': 2, 'Industrial de la bahia': 1}",{}
134,27016,1651,49,7,1595,15735,0.3095093882495457,"{'Historica y del caribe norte': [9171, 0, 0, 450, 31, 0, 12, 0, 12, 5, 0, 5, 2581, 0, 29], 'Industrial de la bahia': [10292, 0, 0, 852, 68, 0, 21, 0, 18, 2, 0, 2, 5350, 0, 55], 'De la virgen y turistica': [7553, 0, 0, 293, 24, 0, 16, 0, 14, 0, 0, 0, 7804, 0, 127]}","[6912, 0, 0, 0, 0, 0, 0, 0, 0, 0, 0, 0, 176, 0, 0]","[6624, 0, 0, 47, 4, 0, 0, 0, 0, 0, 0, 0, 601, 0, 1]","[5830, 0, 0, 821, 64, 0, 12, 0, 10, 0, 0, 0, 8000, 0, 37]","[4076, 0, 0, 560, 41, 0, 25, 0, 22, 4, 0, 4, 5378, 0, 111]","[3574, 0, 0, 167, 14, 0, 12, 0, 12, 3, 0, 3, 1580, 0, 62]","[20410, 628, 27, 2, 6884]","[0, 0, 0, 0, 0]",44402,134,2.041507139318049,1.3773028241971081,0.9080221611639115,5.510120965290864,3.71740319737402,2.4507932648471216,123,262,5,67,5,0,0,"{'Historica y del caribe norte': 0.0022915132171208775, 'De la virgen y turistica': 0.006766245372143495, 'Industrial de la bahia': 0.003148271477871284}",0.004188623159032563,"{'Historica y del caribe norte': 0.02127659574468085, 'De la virgen y turistica': 0.020833333333333332, 'Industrial de la bahia': 0.0}",0.015037593984962405,4,"{'Historica y del caribe norte': 1, 'De la virgen y turistica': 4, 'Industrial de la bahia': 1}",2,"{'Historica y del caribe norte': 1, 'De la virgen y turistica': 2, 'Industrial de la bahia': 1}",{}
135,26903,1626,47,8,1571,15873,0.31365313653136534,"{'Historica y del caribe norte': [9142, 0, 0, 443, 26, 0, 10, 0, 9, 6, 0, 6, 2618, 0, 31], 'Industrial de la bahia': [10232, 0, 0, 831, 61, 0, 23, 0, 19, 2, 0, 2, 5429, 0, 55], 'De la virgen y turistica': [7529, 0, 0, 297, 20, 0, 14, 0, 12, 0, 0, 0, 7826, 0, 129]}","[6912, 0, 0, 0, 0, 0, 0, 0, 0, 0, 0, 0, 176, 0, 0]","[6618, 0, 0, 47, 4, 0, 0, 0, 0, 0, 0, 0, 607, 0, 1]","[5773, 0, 0, 814, 50, 0, 12, 0, 9, 0, 0, 0, 8064, 0, 38]","[4036, 0, 0, 543, 45, 0, 25, 0, 21, 4, 0, 4, 5435, 0, 113]","[3564, 0, 0, 167, 8, 0, 10, 0, 10, 4, 0, 4, 1591, 0, 63]","[20082, 606, 18, 2, 6616]","[0, 0, 0, 0, 0]",44402,135,2.1622899869375254,1.476780325210576,0.9545515967749201,5.621852675957372,3.839559667408362,2.48178943670219,107,263,7,67,5,0,0,"{'Historica y del caribe norte': 0.0022915132171208775, 'De la virgen y turistica': 0.006766245372143495, 'Industrial de la bahia': 0.0032088151601380394}",0.004211142638382201,"{'Historica y del caribe norte': 0.02127659574468085, 'De la virgen y turistica': 0.020833333333333332, 'Industrial de la bahia': 0.0}",0.0149812734082397,4,"{'Historica y del caribe norte': 1, 'De la virgen y turistica': 4, 'Industrial de la bahia': 1}",2,"{'Historica y del caribe norte': 1, 'De la virgen y turistica': 2, 'Industrial de la bahia': 1}",{}
136,26853,1539,45,7,1487,16010,0.2969460688758934,"{'Historica y del caribe norte': [9126, 0, 0, 421, 23, 0, 10, 0, 9, 6, 0, 6, 2656, 0, 31], 'Industrial de la bahia': [10203, 0, 0, 783, 46, 0, 22, 0, 18, 1, 0, 1, 5508, 0, 58], 'De la virgen y turistica': [7524, 0, 0, 283, 18, 0, 13, 0, 12, 0, 0, 0, 7846, 0, 130]}","[6912, 0, 0, 0, 0, 0, 0, 0, 0, 0, 0, 0, 176, 0, 0]","[6618, 0, 0, 42, 4, 0, 0, 0, 0, 0, 0, 0, 612, 0, 1]","[5750, 0, 0, 777, 48, 0, 13, 0, 10, 0, 0, 0, 8123, 0, 38]","[4019, 0, 0, 507, 23, 0, 23, 0, 20, 3, 0, 3, 5491, 0, 116]","[3554, 0, 0, 161, 12, 0, 9, 0, 9, 4, 0, 4, 1608, 0, 64]","[22145, 817, 28, 4, 9429]","[0, 0, 0, 0, 0]",44402,136,1.1006711409395973,0.7438403675510112,0.5777892887707761,4.079806327740212,2.7571583604641456,2.1416645796811085,87,265,6,67,5,0,0,"{'Historica y del caribe norte': 0.0022915132171208775, 'De la virgen y turistica': 0.006830077875654283, 'Industrial de la bahia': 0.003269358842404795}",0.004256181597081476,"{'Historica y del caribe norte': 0.02127659574468085, 'De la virgen y turistica': 0.020689655172413793, 'Industrial de la bahia': 0.0}",0.01486988847583643,4,"{'Historica y del caribe norte': 1, 'De la virgen y turistica': 4, 'Industrial de la bahia': 1}",2,"{'Historica y del caribe norte': 1, 'De la virgen y turistica': 2, 'Industrial de la bahia': 1}",{}
137,26811,1501,43,8,1450,16090,0.2871419053964024,"{'Historica y del caribe norte': [9110, 0, 0, 414, 15, 0, 10, 0, 8, 6, 0, 6, 2679, 0, 32], 'Industrial de la bahia': [10178, 0, 0, 767, 27, 0, 20, 0, 17, 2, 0, 2, 5550, 0, 59], 'De la virgen y turistica': [7523, 0, 0, 269, 1, 0, 13, 0, 12, 0, 0, 0, 7861, 0, 130]}","[6912, 0, 0, 0, 0, 0, 0, 0, 0, 0, 0, 0, 176, 0, 0]","[6618, 0, 0, 39, 0, 0, 0, 0, 0, 0, 0, 0, 615, 0, 1]","[5725, 0, 0, 755, 21, 0, 12, 0, 9, 0, 0, 0, 8171, 0, 39]","[4003, 0, 0, 502, 17, 0, 21, 0, 19, 4, 0, 4, 5513, 0, 117]","[3553, 0, 0, 154, 5, 0, 10, 0, 9, 4, 0, 4, 1615, 0, 64]","[22437, 857, 32, 4, 9898]","[0, 0, 0, 0, 0]",44402,137,0.9582000810774289,0.6558488356380343,0.5248637448763569,3.807589045999642,2.606139251834616,2.0856452478969034,43,266,6,67,5,0,0,"{'Historica y del caribe norte': 0.0022915132171208775, 'De la virgen y turistica': 0.006830077875654283, 'Industrial de la bahia': 0.0033299025246715506}",0.0042787010764311125,"{'Historica y del caribe norte': 0.02127659574468085, 'De la virgen y turistica': 0.020689655172413793, 'Industrial de la bahia': 0.0}",0.014814814814814815,4,"{'Historica y del caribe norte': 1, 'De la virgen y turistica': 4, 'Industrial de la bahia': 1}",2,"{'Historica y del caribe norte': 1, 'De la virgen y turistica': 2, 'Industrial de la bahia': 1}",{}
138,26702,1506,44,9,1453,16194,0.301460823373174,"{'Historica y del caribe norte': [9072, 0, 0, 417, 33, 0, 12, 0, 8, 6, 0, 6, 2712, 0, 32], 'Industrial de la bahia': [10128, 0, 0, 769, 45, 0, 18, 0, 15, 3, 0, 3, 5599, 0, 60], 'De la virgen y turistica': [7502, 0, 0, 267, 12, 0, 14, 0, 13, 0, 0, 0, 7883, 0, 130]}","[6912, 0, 0, 0, 0, 0, 0, 0, 0, 0, 0, 0, 176, 0, 0]","[6616, 0, 0, 37, 0, 0, 0, 0, 0, 0, 0, 0, 619, 0, 1]","[5671, 0, 0, 756, 53, 0, 12, 0, 10, 0, 0, 0, 8224, 0, 39]","[3963, 0, 0, 505, 31, 0, 21, 0, 17, 5, 0, 5, 5549, 0, 118]","[3540, 0, 0, 155, 6, 0, 11, 0, 9, 4, 0, 4, 1626, 0, 64]","[20091, 543, 13, 5, 6899]","[0, 0, 0, 0, 0]",44402,138,2.140534210170713,1.443425971803072,0.9445070041890005,5.640258738353807,3.8033944573022374,2.4887543765948608,90,267,8,67,5,0,0,"{'Historica y del caribe norte': 0.0022915132171208775, 'De la virgen y turistica': 0.0068939103791650705, 'Industrial de la bahia': 0.0033299025246715506}",0.00430122055578075,"{'Historica y del caribe norte': 0.02127659574468085, 'De la virgen y turistica': 0.02054794520547945, 'Industrial de la bahia': 0.0}",0.014760147601476014,4,"{'Historica y del caribe norte': 1, 'De la virgen y turistica': 4, 'Industrial de la bahia': 1}",2,"{'Historica y del caribe norte': 1, 'De la virgen y turistica': 2, 'Industrial de la bahia': 1}",{}
139,26601,1460,41,9,1410,16341,0.3136986301369863,"{'Historica y del caribe norte': [9039, 0, 0, 419, 31, 0, 11, 0, 8, 6, 0, 6, 2744, 0, 33], 'Industrial de la bahia': [10071, 0, 0, 742, 46, 0, 18, 0, 14, 3, 0, 3, 5683, 0, 63], 'De la virgen y turistica': [7491, 0, 0, 249, 15, 0, 12, 0, 11, 0, 0, 0, 7914, 0, 132]}","[6912, 0, 0, 0, 0, 0, 0, 0, 0, 0, 0, 0, 176, 0, 0]","[6615, 0, 0, 35, 3, 0, 0, 0, 0, 0, 0, 0, 622, 0, 1]","[5616, 0, 0, 734, 39, 0, 13, 0, 11, 0, 0, 0, 8300, 0, 39]","[3929, 0, 0, 490, 36, 0, 18, 0, 15, 5, 0, 5, 5601, 0, 122]","[3529, 0, 0, 151, 14, 0, 10, 0, 7, 4, 0, 4, 1642, 0, 66]","[20067, 513, 20, 4, 6845]","[0, 0, 0, 0, 0]",44402,139,2.1780775640736905,1.4583126886176299,0.9436737083915139,5.704654043532118,3.8195009732790655,2.4715979472659706,92,270,8,67,5,0,0,"{'Historica y del caribe norte': 0.0023733529748751945, 'De la virgen y turistica': 0.0068939103791650705, 'Industrial de la bahia': 0.0034509898892050614}",0.004368778993829663,"{'Historica y del caribe norte': 0.020833333333333332, 'De la virgen y turistica': 0.02054794520547945, 'Industrial de la bahia': 0.0}",0.014598540145985401,4,"{'Historica y del caribe norte': 1, 'De la virgen y turistica': 4, 'Industrial de la bahia': 1}",2,"{'Historica y del caribe norte': 1, 'De la virgen y turistica': 2, 'Industrial de la bahia': 1}",{}
140,26504,1426,39,10,1377,16472,0.3232819074333801,"{'Historica y del caribe norte': [9012, 0, 0, 402, 31, 0, 12, 0, 8, 6, 0, 6, 2787, 0, 33], 'Industrial de la bahia': [10022, 0, 0, 731, 50, 0, 16, 0, 12, 4, 0, 4, 5744, 0, 65], 'De la virgen y turistica': [7470, 0, 0, 244, 18, 0, 11, 0, 10, 0, 0, 0, 7941, 0, 133]}","[6912, 0, 0, 0, 0, 0, 0, 0, 0, 0, 0, 0, 176, 0, 0]","[6611, 0, 0, 35, 1, 0, 0, 0, 0, 0, 0, 0, 626, 0, 1]","[5568, 0, 0, 717, 50, 0, 11, 0, 10, 0, 0, 0, 8367, 0, 41]","[3897, 0, 0, 475, 38, 0, 18, 0, 13, 6, 0, 6, 5647, 0, 123]","[3516, 0, 0, 150, 10, 0, 10, 0, 7, 4, 0, 4, 1656, 0, 66]","[20157, 488, 16, 5, 7107]","[0, 0, 0, 0, 0]",44402,140,2.0907616774019187,1.4117156884825008,0.9171433719201838,5.582656804377894,3.769499067893439,2.4489145468759395,99,271,9,67,5,0,0,"{'Historica y del caribe norte': 0.0023733529748751945, 'De la virgen y turistica': 0.0068939103791650705, 'Industrial de la bahia': 0.0035115335714718168}",0.0043912984731793005,"{'Historica y del caribe norte': 0.020833333333333332, 'De la virgen y turistica': 0.02054794520547945, 'Industrial de la bahia': 0.0}",0.014545454545454545,4,"{'Historica y del caribe norte': 1, 'De la virgen y turistica': 4, 'Industrial de la bahia': 1}",2,"{'Historica y del caribe norte': 1, 'De la virgen y turistica': 2, 'Industrial de la bahia': 1}",{}
141,26424,1377,39,9,1329,16601,0.3202614379084967,"{'Historica y del caribe norte': [8996, 0, 0, 381, 23, 0, 13, 0, 9, 5, 0, 5, 2824, 0, 34], 'Industrial de la bahia': [9978, 0, 0, 701, 50, 0, 16, 0, 10, 4, 0, 4, 5818, 0, 67], 'De la virgen y turistica': [7450, 0, 0, 247, 18, 0, 10, 0, 8, 0, 0, 0, 7959, 0, 135]}","[6912, 0, 0, 0, 0, 0, 0, 0, 0, 0, 0, 0, 176, 0, 0]","[6607, 0, 0, 34, 6, 0, 0, 0, 0, 0, 0, 0, 631, 0, 1]","[5527, 0, 0, 692, 49, 0, 11, 0, 9, 0, 0, 0, 8433, 0, 42]","[3865, 0, 0, 463, 29, 0, 18, 0, 12, 6, 0, 6, 5691, 0, 124]","[3513, 0, 0, 140, 7, 0, 10, 0, 6, 3, 0, 3, 1670, 0, 69]","[20148, 531, 18, 3, 7024]","[0, 0, 0, 0, 0]",44402,141,2.085942074681321,1.4268501418855006,0.9289671636412774,5.553423671903106,3.7987168725266818,2.4731982252068594,91,272,12,67,5,0,0,"{'Historica y del caribe norte': 0.0023733529748751945, 'De la virgen y turistica': 0.0068939103791650705, 'Industrial de la bahia': 0.0035115335714718168}",0.0043912984731793005,"{'Historica y del caribe norte': 0.02040816326530612, 'De la virgen y turistica': 0.02054794520547945, 'Industrial de la bahia': 0.0}",0.014492753623188406,4,"{'Historica y del caribe norte': 1, 'De la virgen y turistica': 4, 'Industrial de la bahia': 1}",2,"{'Historica y del caribe norte': 1, 'De la virgen y turistica': 2, 'Industrial de la bahia': 1}",{}
142,26338,1334,37,8,1289,16730,0.3095952023988006,"{'Historica y del caribe norte': [8969, 0, 0, 369, 22, 0, 12, 0, 10, 5, 0, 5, 2864, 0, 35], 'Industrial de la bahia': [9941, 0, 0, 681, 36, 0, 15, 0, 9, 3, 0, 3, 5877, 0, 69], 'De la virgen y turistica': [7428, 0, 0, 239, 16, 0, 10, 0, 8, 0, 0, 0, 7989, 0, 136]}","[6912, 0, 0, 0, 0, 0, 0, 0, 0, 0, 0, 0, 176, 0, 0]","[6605, 0, 0, 36, 1, 0, 0, 0, 0, 0, 0, 0, 631, 0, 1]","[5482, 0, 0, 661, 40, 0, 12, 0, 9, 0, 0, 0, 8508, 0, 42]","[3840, 0, 0, 446, 25, 0, 16, 0, 12, 6, 0, 6, 5735, 0, 126]","[3499, 0, 0, 146, 8, 0, 9, 0, 6, 2, 0, 2, 1680, 0, 71]","[19924, 457, 13, 2, 7115]","[0, 0, 0, 0, 0]",44402,142,2.136863204360164,1.4399351380568444,0.9326156479437863,5.617251790894559,3.785211059143923,2.4516014445562724,74,275,10,67,5,0,0,"{'Historica y del caribe norte': 0.0024551927326295114, 'De la virgen y turistica': 0.006957742882675859, 'Industrial de la bahia': 0.0035115335714718168}",0.004436337431878575,"{'Historica y del caribe norte': 0.0196078431372549, 'De la virgen y turistica': 0.02040816326530612, 'Industrial de la bahia': 0.0}",0.014336917562724014,4,"{'Historica y del caribe norte': 1, 'De la virgen y turistica': 4, 'Industrial de la bahia': 1}",2,"{'Historica y del caribe norte': 1, 'De la virgen y turistica': 2, 'Industrial de la bahia': 1}",{}
143,26271,1285,33,9,1243,16846,0.3066147859922179,"{'Historica y del caribe norte': [8946, 0, 0, 363, 18, 0, 11, 0, 9, 6, 0, 6, 2893, 0, 35], 'Industrial de la bahia': [9910, 0, 0, 650, 36, 0, 13, 0, 10, 3, 0, 3, 5941, 0, 71], 'De la virgen y turistica': [7415, 0, 0, 230, 22, 0, 9, 0, 7, 0, 0, 0, 8012, 0, 137]}","[6912, 0, 0, 0, 0, 0, 0, 0, 0, 0, 0, 0, 176, 0, 0]","[6605, 0, 0, 35, 2, 0, 0, 0, 0, 0, 0, 0, 632, 0, 1]","[5440, 0, 0, 646, 43, 0, 11, 0, 9, 0, 0, 0, 8566, 0, 43]","[3819, 0, 0, 426, 18, 0, 14, 0, 11, 6, 0, 6, 5778, 0, 128]","[3495, 0, 0, 136, 13, 0, 8, 0, 6, 3, 0, 3, 1694, 0, 71]","[20100, 508, 12, 2, 7403]","[0, 0, 0, 0, 0]",44402,143,1.9974775910995,1.3587676230800414,0.8984955632629161,5.415643890822495,3.6839469988398363,2.4360383464615007,76,278,7,67,5,0,0,"{'Historica y del caribe norte': 0.0024551927326295114, 'De la virgen y turistica': 0.006957742882675859, 'Industrial de la bahia': 0.003632620936005328}",0.00448137639057785,"{'Historica y del caribe norte': 0.0196078431372549, 'De la virgen y turistica': 0.02040816326530612, 'Industrial de la bahia': 0.0}",0.014184397163120567,4,"{'Historica y del caribe norte': 1, 'De la virgen y turistica': 4, 'Industrial de la bahia': 1}",2,"{'Historica y del caribe norte': 1, 'De la virgen y turistica': 2, 'Industrial de la bahia': 1}",{}
144,26209,1263,29,8,1226,16930,0.30482977038796516,"{'Historica y del caribe norte': [8925, 0, 0, 362, 27, 0, 10, 0, 9, 4, 0, 4, 2918, 0, 38], 'Industrial de la bahia': [9878, 0, 0, 634, 31, 0, 13, 0, 10, 4, 0, 4, 5988, 0, 71], 'De la virgen y turistica': [7406, 0, 0, 230, 12, 0, 6, 0, 4, 0, 0, 0, 8024, 0, 140]}","[6912, 0, 0, 0, 0, 0, 0, 0, 0, 0, 0, 0, 176, 0, 0]","[6601, 0, 0, 37, 3, 0, 0, 0, 0, 0, 0, 0, 634, 0, 1]","[5416, 0, 0, 632, 33, 0, 11, 0, 8, 0, 0, 0, 8604, 0, 44]","[3793, 0, 0, 421, 28, 0, 11, 0, 10, 6, 0, 6, 5812, 0, 131]","[3487, 0, 0, 136, 6, 0, 7, 0, 5, 2, 0, 2, 1704, 0, 73]","[20960, 572, 15, 3, 8732]","[0, 0, 0, 0, 0]",44402,144,1.5076122697175802,1.0198864915994774,0.7282554839872077,4.7408640226628895,3.207152974504249,2.290084985835694,70,280,6,67,5,0,0,"{'Historica y del caribe norte': 0.0025370324903838284, 'De la virgen y turistica': 0.006957742882675859, 'Industrial de la bahia': 0.0036931646182720834}",0.004526415349277124,"{'Historica y del caribe norte': 0.019230769230769232, 'De la virgen y turistica': 0.02040816326530612, 'Industrial de la bahia': 0.0}",0.014084507042253521,4,"{'Historica y del caribe norte': 1, 'De la virgen y turistica': 4, 'Industrial de la bahia': 1}",2,"{'Historica y del caribe norte': 1, 'De la virgen y turistica': 2, 'Industrial de la bahia': 1}",{}
145,26111,1303,28,7,1268,16988,0.3269378357636224,"{'Historica y del caribe norte': [8895, 0, 0, 380, 24, 0, 8, 0, 8, 4, 0, 4, 2932, 0, 40], 'Industrial de la bahia': [9830, 0, 0, 654, 36, 0, 13, 0, 11, 3, 0, 3, 6017, 0, 73], 'De la virgen y turistica': [7386, 0, 0, 234, 18, 0, 7, 0, 5, 0, 0, 0, 8039, 0, 140]}","[6912, 0, 0, 0, 0, 0, 0, 0, 0, 0, 0, 0, 176, 0, 0]","[6600, 0, 0, 38, 2, 0, 0, 0, 0, 0, 0, 0, 634, 0, 1]","[5368, 0, 0, 656, 36, 0, 10, 0, 8, 0, 0, 0, 8629, 0, 45]","[3760, 0, 0, 428, 27, 0, 12, 0, 10, 5, 0, 5, 5838, 0, 133]","[3471, 0, 0, 146, 13, 0, 6, 0, 6, 2, 0, 2, 1711, 0, 74]","[19818, 506, 12, 6, 7008]","[0, 0, 0, 0, 0]",44402,145,2.1741363001666594,1.4862168370794109,0.9643034097563172,5.661271405113769,3.8699859254046447,2.5109664555477362,78,284,4,67,5,0,0,"{'Historica y del caribe norte': 0.0026188722481381454, 'De la virgen y turistica': 0.007021575386186646, 'Industrial de la bahia': 0.0036931646182720834}",0.0045714543079763996,"{'Historica y del caribe norte': 0.018867924528301886, 'De la virgen y turistica': 0.02027027027027027, 'Industrial de la bahia': 0.0}",0.013888888888888888,4,"{'Historica y del caribe norte': 1, 'De la virgen y turistica': 4, 'Industrial de la bahia': 1}",2,"{'Historica y del caribe norte': 1, 'De la virgen y turistica': 2, 'Industrial de la bahia': 1}",{}
146,26037,1292,28,7,1257,17073,0.3320433436532508,"{'Historica y del caribe norte': [8870, 0, 0, 379, 29, 0, 8, 0, 8, 4, 0, 4, 2958, 0, 40], 'Industrial de la bahia': [9791, 0, 0, 648, 55, 0, 15, 0, 11, 3, 0, 3, 6060, 0, 73], 'De la virgen y turistica': [7376, 0, 0, 230, 11, 0, 5, 0, 4, 0, 0, 0, 8055, 0, 142]}","[6912, 0, 0, 0, 0, 0, 0, 0, 0, 0, 0, 0, 176, 0, 0]","[6597, 0, 0, 37, 2, 0, 0, 0, 0, 0, 0, 0, 638, 0, 1]","[5331, 0, 0, 649, 48, 0, 9, 0, 8, 0, 0, 0, 8674, 0, 46]","[3732, 0, 0, 431, 37, 0, 11, 0, 9, 5, 0, 5, 5864, 0, 134]","[3465, 0, 0, 140, 8, 0, 8, 0, 6, 2, 0, 2, 1721, 0, 74]","[19841, 506, 10, 3, 7215]","[0, 0, 0, 0, 0]",44402,146,2.1531462546732127,1.4450024773658845,0.9391018422593577,5.681583169905509,3.8129791406667857,2.478041243240031,95,285,5,67,5,0,0,"{'Historica y del caribe norte': 0.0026188722481381454, 'De la virgen y turistica': 0.007085407889697434, 'Industrial de la bahia': 0.0036931646182720834}",0.004593973787326037,"{'Historica y del caribe norte': 0.018867924528301886, 'De la virgen y turistica': 0.020134228187919462, 'Industrial de la bahia': 0.0}",0.01384083044982699,4,"{'Historica y del caribe norte': 1, 'De la virgen y turistica': 4, 'Industrial de la bahia': 1}",2,"{'Historica y del caribe norte': 1, 'De la virgen y turistica': 2, 'Industrial de la bahia': 1}",{}
147,25948,1279,27,7,1245,17174,0.3338545738858483,"{'Historica y del caribe norte': [8844, 0, 0, 372, 30, 0, 8, 0, 8, 4, 0, 4, 2991, 0, 40], 'Industrial de la bahia': [9736, 0, 0, 655, 39, 0, 14, 0, 10, 3, 0, 3, 6109, 0, 74], 'De la virgen y turistica': [7368, 0, 0, 218, 8, 0, 5, 0, 4, 0, 0, 0, 8074, 0, 142]}","[6912, 0, 0, 0, 0, 0, 0, 0, 0, 0, 0, 0, 176, 0, 0]","[6596, 0, 0, 34, 1, 0, 0, 0, 0, 0, 0, 0, 642, 0, 1]","[5289, 0, 0, 632, 36, 0, 9, 0, 8, 0, 0, 0, 8733, 0, 46]","[3695, 0, 0, 443, 34, 0, 10, 0, 8, 5, 0, 5, 5889, 0, 135]","[3456, 0, 0, 136, 6, 0, 8, 0, 6, 2, 0, 2, 1734, 0, 74]","[19776, 478, 10, 4, 7203]","[0, 0, 0, 0, 0]",44401,147,2.1457624828269632,1.46483187315601,0.9381545460687822,5.627525103366804,3.841701122268163,2.4604252805670406,77,285,5,67,5,0,0,"{'Historica y del caribe norte': 0.0026188722481381454, 'De la virgen y turistica': 0.007149696776252793, 'Industrial de la bahia': 0.0036931646182720834}",0.004616493266675675,"{'Historica y del caribe norte': 0.018867924528301886, 'De la virgen y turistica': 0.02666666666666667, 'Industrial de la bahia': 0.0}",0.017241379310344827,5,"{'Historica y del caribe norte': 1, 'De la virgen y turistica': 4, 'Industrial de la bahia': 1}",3,"{'Historica y del caribe norte': 1, 'De la virgen y turistica': 2, 'Industrial de la bahia': 1}",{}
148,25882,1220,26,6,1188,17299,0.30983606557377047,"{'Historica y del caribe norte': [8830, 0, 0, 355, 14, 0, 8, 0, 8, 3, 0, 3, 3023, 0, 41], 'Industrial de la bahia': [9706, 0, 0, 616, 46, 0, 13, 0, 9, 3, 0, 3, 6179, 0, 76], 'De la virgen y turistica': [7346, 0, 0, 217, 18, 0, 5, 0, 4, 0, 0, 0, 8097, 0, 142]}","[6912, 0, 0, 0, 0, 0, 0, 0, 0, 0, 0, 0, 176, 0, 0]","[6595, 0, 0, 31, 2, 0, 0, 0, 0, 0, 0, 0, 646, 0, 1]","[5256, 0, 0, 601, 37, 0, 8, 0, 8, 0, 0, 0, 8798, 0, 47]","[3666, 0, 0, 431, 31, 0, 10, 0, 7, 5, 0, 5, 5930, 0, 136]","[3453, 0, 0, 125, 8, 0, 8, 0, 6, 1, 0, 1, 1749, 0, 75]","[19718, 449, 10, 2, 7253]","[0, 0, 0, 0, 0]",44401,148,2.1634647868291257,1.4568590797504561,0.9438976599626134,5.660911073133361,3.812010136130591,2.4697978666980966,78,286,5,67,5,0,0,"{'Historica y del caribe norte': 0.0026188722481381454, 'De la virgen y turistica': 0.007149696776252793, 'Industrial de la bahia': 0.0037537083005388387}",0.0046390127460253115,"{'Historica y del caribe norte': 0.018867924528301886, 'De la virgen y turistica': 0.02666666666666667, 'Industrial de la bahia': 0.0}",0.01718213058419244,5,"{'Historica y del caribe norte': 1, 'De la virgen y turistica': 4, 'Industrial de la bahia': 1}",3,"{'Historica y del caribe norte': 1, 'De la virgen y turistica': 2, 'Industrial de la bahia': 1}",{}
149,25801,1194,28,5,1161,17406,0.30904522613065327,"{'Historica y del caribe norte': [8800, 0, 0, 358, 21, 0, 9, 0, 8, 2, 0, 2, 3050, 0, 42], 'Industrial de la bahia': [9667, 0, 0, 594, 30, 0, 14, 0, 10, 3, 0, 3, 6239, 0, 76], 'De la virgen y turistica': [7334, 0, 0, 209, 18, 0, 5, 0, 5, 0, 0, 0, 8117, 0, 142]}","[6912, 0, 0, 0, 0, 0, 0, 0, 0, 0, 0, 0, 176, 0, 0]","[6590, 0, 0, 32, 2, 0, 0, 0, 0, 0, 0, 0, 650, 0, 1]","[5218, 0, 0, 588, 32, 0, 9, 0, 8, 0, 0, 0, 8848, 0, 47]","[3637, 0, 0, 416, 29, 0, 10, 0, 9, 4, 0, 4, 5975, 0, 137]","[3444, 0, 0, 125, 6, 0, 9, 0, 6, 1, 0, 1, 1757, 0, 75]","[19590, 435, 14, 4, 7092]","[0, 0, 0, 0, 0]",44401,149,2.243035066777775,1.52600166662913,0.9781086011576315,5.76815707170161,3.9242441793119425,2.515290165643461,69,288,5,67,5,0,0,"{'Historica y del caribe norte': 0.0026188722481381454, 'De la virgen y turistica': 0.007213533354612193, 'Industrial de la bahia': 0.003814251982805594}",0.004684051704724587,"{'Historica y del caribe norte': 0.018867924528301886, 'De la virgen y turistica': 0.026490066225165563, 'Industrial de la bahia': 0.0}",0.017064846416382253,5,"{'Historica y del caribe norte': 1, 'De la virgen y turistica': 4, 'Industrial de la bahia': 1}",3,"{'Historica y del caribe norte': 1, 'De la virgen y turistica': 2, 'Industrial de la bahia': 1}",{}
150,25726,1184,27,6,1151,17491,0.3091216216216216,"{'Historica y del caribe norte': [8774, 0, 0, 362, 35, 0, 9, 0, 8, 2, 0, 2, 3072, 0, 42], 'Industrial de la bahia': [9626, 0, 0, 590, 41, 0, 13, 0, 11, 4, 0, 4, 6284, 0, 76], 'De la virgen y turistica': [7326, 0, 0, 199, 9, 0, 5, 0, 5, 0, 0, 0, 8135, 0, 142]}","[6912, 0, 0, 0, 0, 0, 0, 0, 0, 0, 0, 0, 176, 0, 0]","[6588, 0, 0, 30, 5, 0, 0, 0, 0, 0, 0, 0, 654, 0, 1]","[5182, 0, 0, 577, 41, 0, 9, 0, 8, 0, 0, 0, 8895, 0, 47]","[3611, 0, 0, 419, 27, 0, 9, 0, 8, 5, 0, 5, 5998, 0, 137]","[3433, 0, 0, 125, 12, 0, 9, 0, 8, 1, 0, 1, 1768, 0, 75]","[19603, 401, 12, 0, 7186]","[0, 0, 0, 0, 0]",44401,150,2.2244994482106257,1.5108893943830093,0.9667124614310488,5.742775742775743,3.9005174719460434,2.49566835281121,85,290,3,67,5,0,0,"{'Historica y del caribe norte': 0.0026188722481381454, 'De la virgen y turistica': 0.007213533354612193, 'Industrial de la bahia': 0.003814251982805594}",0.004684051704724587,"{'Historica y del caribe norte': 0.018867924528301886, 'De la virgen y turistica': 0.026490066225165563, 'Industrial de la bahia': 0.0}",0.01694915254237288,5,"{'Historica y del caribe norte': 1, 'De la virgen y turistica': 4, 'Industrial de la bahia': 1}",3,"{'Historica y del caribe norte': 1, 'De la virgen y turistica': 2, 'Industrial de la bahia': 1}",{}
151,25667,1197,28,4,1165,17536,0.3132832080200501,"{'Historica y del caribe norte': [8765, 0, 0, 356, 13, 0, 9, 0, 8, 1, 0, 1, 3088, 0, 43], 'Industrial de la bahia': [9586, 0, 0, 602, 37, 0, 13, 0, 11, 3, 0, 3, 6312, 0, 77], 'De la virgen y turistica': [7316, 0, 0, 207, 8, 0, 6, 0, 5, 0, 0, 0, 8136, 0, 142]}","[6912, 0, 0, 0, 0, 0, 0, 0, 0, 0, 0, 0, 176, 0, 0]","[6588, 0, 0, 30, 0, 0, 0, 0, 0, 0, 0, 0, 654, 0, 1]","[5143, 0, 0, 593, 34, 0, 10, 0, 8, 0, 0, 0, 8916, 0, 47]","[3595, 0, 0, 418, 20, 0, 9, 0, 8, 3, 0, 3, 6017, 0, 139]","[3429, 0, 0, 124, 4, 0, 9, 0, 8, 1, 0, 1, 1773, 0, 75]","[20187, 536, 12, 0, 8441]","[0, 0, 0, 0, 0]",44400,151,1.7656981981981983,1.184527027027027,0.8039864864864865,5.14956647398844,3.454611140304782,2.3447845507094063,58,290,4,67,5,0,0,"{'Historica y del caribe norte': 0.0026188722481381454, 'De la virgen y turistica': 0.007213533354612193, 'Industrial de la bahia': 0.003875030273674013}",0.004706571184074224,"{'Historica y del caribe norte': 0.018867924528301886, 'De la virgen y turistica': 0.026490066225165563, 'Industrial de la bahia': 0.010869565217391304}",0.02027027027027027,6,"{'Historica y del caribe norte': 1, 'De la virgen y turistica': 4, 'Industrial de la bahia': 1}",4,"{'Historica y del caribe norte': 1, 'De la virgen y turistica': 2, 'Industrial de la bahia': 1}",{}
152,25619,1153,27,4,1122,17628,0.3070251517779705,"{'Historica y del caribe norte': [8748, 0, 0, 339, 14, 0, 10, 0, 8, 1, 0, 1, 3121, 0, 43], 'Industrial de la bahia': [9564, 0, 0, 580, 39, 0, 9, 0, 8, 3, 0, 3, 6360, 0, 81], 'De la virgen y turistica': [7307, 0, 0, 203, 11, 0, 8, 0, 5, 0, 0, 0, 8147, 0, 142]}","[6912, 0, 0, 0, 0, 0, 0, 0, 0, 0, 0, 0, 176, 0, 0]","[6588, 0, 0, 30, 0, 0, 0, 0, 0, 0, 0, 0, 654, 0, 1]","[5116, 0, 0, 569, 36, 0, 8, 0, 6, 0, 0, 0, 8969, 0, 49]","[3581, 0, 0, 400, 20, 0, 9, 0, 8, 3, 0, 3, 6049, 0, 140]","[3422, 0, 0, 123, 8, 0, 10, 0, 7, 1, 0, 1, 1780, 0, 76]","[20398, 529, 12, 2, 8689]","[0, 0, 0, 0, 0]",44400,152,1.6364414414414414,1.1177477477477478,0.7727477477477478,4.919295870006771,3.360054163845633,2.3229519295870005,64,291,6,67,5,0,0,"{'Historica y del caribe norte': 0.0026188722481381454, 'De la virgen y turistica': 0.007213533354612193, 'Industrial de la bahia': 0.00393557762170017}",0.004729090663423862,"{'Historica y del caribe norte': 0.018867924528301886, 'De la virgen y turistica': 0.026490066225165563, 'Industrial de la bahia': 0.010752688172043012}",0.020202020202020204,6,"{'Historica y del caribe norte': 1, 'De la virgen y turistica': 4, 'Industrial de la bahia': 1}",4,"{'Historica y del caribe norte': 1, 'De la virgen y turistica': 2, 'Industrial de la bahia': 1}",{}
153,25540,1141,29,4,1108,17719,0.30148992112182293,"{'Historica y del caribe norte': [8718, 0, 0, 337, 19, 0, 11, 0, 8, 1, 0, 1, 3152, 0, 44], 'Industrial de la bahia': [9529, 0, 0, 567, 30, 0, 11, 0, 9, 3, 0, 3, 6406, 0, 81], 'De la virgen y turistica': [7293, 0, 0, 204, 11, 0, 7, 0, 4, 0, 0, 0, 8161, 0, 143]}","[6912, 0, 0, 0, 0, 0, 0, 0, 0, 0, 0, 0, 176, 0, 0]","[6582, 0, 0, 33, 5, 0, 0, 0, 0, 0, 0, 0, 657, 0, 1]","[5075, 0, 0, 571, 37, 0, 7, 0, 6, 0, 0, 0, 9009, 0, 50]","[3554, 0, 0, 389, 14, 0, 11, 0, 7, 3, 0, 3, 6085, 0, 141]","[3417, 0, 0, 115, 4, 0, 11, 0, 8, 1, 0, 1, 1792, 0, 76]","[19383, 383, 15, 1, 6952]","[0, 0, 0, 0, 0]",44400,153,2.335382882882883,1.5783108108108108,1.0073873873873873,5.869523378240689,3.96677233103136,2.531869127136873,60,293,8,67,5,0,0,"{'Historica y del caribe norte': 0.0026188722481381454, 'De la virgen y turistica': 0.007213533354612193, 'Industrial de la bahia': 0.003996124969726326}",0.0047516101427734995,"{'Historica y del caribe norte': 0.018518518518518517, 'De la virgen y turistica': 0.026490066225165563, 'Industrial de la bahia': 0.010638297872340425}",0.020066889632107024,6,"{'Historica y del caribe norte': 1, 'De la virgen y turistica': 4, 'Industrial de la bahia': 1}",4,"{'Historica y del caribe norte': 1, 'De la virgen y turistica': 2, 'Industrial de la bahia': 1}",{}
154,25466,1120,28,5,1087,17814,0.29285714285714287,"{'Historica y del caribe norte': [8694, 0, 0, 332, 28, 0, 10, 0, 7, 2, 0, 2, 3181, 0, 44], 'Industrial de la bahia': [9494, 0, 0, 554, 31, 0, 11, 0, 9, 3, 0, 3, 6454, 0, 81], 'De la virgen y turistica': [7278, 0, 0, 201, 12, 0, 7, 0, 4, 0, 0, 0, 8179, 0, 143]}","[6912, 0, 0, 0, 0, 0, 0, 0, 0, 0, 0, 0, 176, 0, 0]","[6580, 0, 0, 34, 1, 0, 0, 0, 0, 0, 0, 0, 658, 0, 1]","[5037, 0, 0, 559, 33, 0, 7, 0, 6, 0, 0, 0, 9059, 0, 50]","[3529, 0, 0, 379, 28, 0, 11, 0, 7, 3, 0, 3, 6120, 0, 141]","[3408, 0, 0, 115, 9, 0, 10, 0, 7, 2, 0, 2, 1801, 0, 76]","[19485, 413, 8, 0, 7218]","[0, 0, 0, 0, 0]",44400,154,2.2434234234234234,1.5291666666666666,0.9731081081081081,5.765686501504978,3.930018522806205,2.500926140310257,71,293,8,67,5,0,0,"{'Historica y del caribe norte': 0.0026188722481381454, 'De la virgen y turistica': 0.007213533354612193, 'Industrial de la bahia': 0.003996124969726326}",0.0047516101427734995,"{'Historica y del caribe norte': 0.018518518518518517, 'De la virgen y turistica': 0.026490066225165563, 'Industrial de la bahia': 0.010638297872340425}",0.020066889632107024,6,"{'Historica y del caribe norte': 1, 'De la virgen y turistica': 4, 'Industrial de la bahia': 1}",4,"{'Historica y del caribe norte': 1, 'De la virgen y turistica': 2, 'Industrial de la bahia': 1}",{}
155,25415,1077,27,5,1045,17908,0.2822655524605385,"{'Historica y del caribe norte': [8677, 0, 0, 326, 22, 0, 9, 0, 6, 2, 0, 2, 3205, 0, 45], 'Industrial de la bahia': [9471, 0, 0, 525, 28, 0, 12, 0, 8, 3, 0, 3, 6505, 0, 82], 'De la virgen y turistica': [7267, 0, 0, 194, 15, 0, 6, 0, 4, 0, 0, 0, 8198, 0, 144]}","[6912, 0, 0, 0, 0, 0, 0, 0, 0, 0, 0, 0, 176, 0, 0]","[6580, 0, 0, 28, 2, 0, 0, 0, 0, 0, 0, 0, 664, 0, 1]","[5015, 0, 0, 531, 36, 0, 8, 0, 7, 0, 0, 0, 9108, 0, 50]","[3507, 0, 0, 372, 21, 0, 9, 0, 5, 3, 0, 3, 6151, 0, 143]","[3401, 0, 0, 114, 6, 0, 10, 0, 6, 2, 0, 2, 1809, 0, 77]","[19293, 397, 12, 1, 6983]","[0, 0, 0, 0, 0]",44400,155,2.3846846846846845,1.5975225225225225,1.018490990990991,5.97719318053517,4.004177486733657,2.552839561928418,65,294,9,67,5,0,0,"{'Historica y del caribe norte': 0.0026188722481381454, 'De la virgen y turistica': 0.007277369932971593, 'Industrial de la bahia': 0.003996124969726326}",0.004774129622123136,"{'Historica y del caribe norte': 0.018518518518518517, 'De la virgen y turistica': 0.02631578947368421, 'Industrial de la bahia': 0.010638297872340425}",0.02,6,"{'Historica y del caribe norte': 1, 'De la virgen y turistica': 4, 'Industrial de la bahia': 1}",4,"{'Historica y del caribe norte': 1, 'De la virgen y turistica': 2, 'Industrial de la bahia': 1}",{}
156,25353,1066,26,5,1035,17981,0.28236397748592873,"{'Historica y del caribe norte': [8657, 0, 0, 324, 18, 0, 8, 0, 6, 2, 0, 2, 3228, 0, 46], 'Industrial de la bahia': [9441, 0, 0, 521, 33, 0, 12, 0, 8, 3, 0, 3, 6539, 0, 82], 'De la virgen y turistica': [7255, 0, 0, 190, 9, 0, 6, 0, 6, 0, 0, 0, 8214, 0, 144]}","[6912, 0, 0, 0, 0, 0, 0, 0, 0, 0, 0, 0, 176, 0, 0]","[6579, 0, 0, 28, 0, 0, 0, 0, 0, 0, 0, 0, 665, 0, 1]","[4985, 0, 0, 522, 27, 0, 8, 0, 7, 0, 0, 0, 9147, 0, 50]","[3482, 0, 0, 372, 25, 0, 9, 0, 6, 3, 0, 3, 6176, 0, 143]","[3395, 0, 0, 113, 8, 0, 9, 0, 7, 2, 0, 2, 1817, 0, 78]","[19105, 346, 12, 2, 6774]","[0, 0, 0, 0, 0]",44400,156,2.4774324324324324,1.674009009009009,1.0561936936936938,6.056825064699081,4.092616045371951,2.5821815979296296,60,297,6,67,5,0,0,"{'Historica y del caribe norte': 0.0026188722481381454, 'De la virgen y turistica': 0.007341206511330993, 'Industrial de la bahia': 0.003996124969726326}",0.004796649101472774,"{'Historica y del caribe norte': 0.01818181818181818, 'De la virgen y turistica': 0.025974025974025976, 'Industrial de la bahia': 0.010638297872340425}",0.019801980198019802,6,"{'Historica y del caribe norte': 1, 'De la virgen y turistica': 4, 'Industrial de la bahia': 1}",4,"{'Historica y del caribe norte': 1, 'De la virgen y turistica': 2, 'Industrial de la bahia': 1}",{}
157,25286,1056,27,6,1023,18058,0.29261363636363635,"{'Historica y del caribe norte': [8637, 0, 0, 325, 22, 0, 7, 0, 6, 3, 0, 3, 3247, 0, 47], 'Industrial de la bahia': [9404, 0, 0, 521, 29, 0, 13, 0, 10, 3, 0, 3, 6575, 0, 82], 'De la virgen y turistica': [7245, 0, 0, 177, 10, 0, 7, 0, 6, 0, 0, 0, 8236, 0, 144]}","[6912, 0, 0, 0, 0, 0, 0, 0, 0, 0, 0, 0, 176, 0, 0]","[6577, 0, 0, 28, 2, 0, 0, 0, 0, 0, 0, 0, 667, 0, 1]","[4947, 0, 0, 517, 28, 0, 8, 0, 7, 0, 0, 0, 9190, 0, 50]","[3463, 0, 0, 370, 25, 0, 11, 0, 8, 3, 0, 3, 6195, 0, 144]","[3387, 0, 0, 108, 6, 0, 8, 0, 7, 3, 0, 3, 1830, 0, 78]","[19791, 392, 11, 2, 7994]","[0, 0, 0, 0, 0]",44400,157,1.961509009009009,1.3398423423423425,0.8887837837837838,5.372671190623072,3.669895126465145,2.4344231955582973,61,301,5,67,5,0,0,"{'Historica y del caribe norte': 0.00278255176364678, 'De la virgen y turistica': 0.007341206511330993, 'Industrial de la bahia': 0.004056672317752482}",0.004864207539521687,"{'Historica y del caribe norte': 0.017543859649122806, 'De la virgen y turistica': 0.025974025974025976, 'Industrial de la bahia': 0.010416666666666666}",0.019543973941368076,6,"{'Historica y del caribe norte': 1, 'De la virgen y turistica': 4, 'Industrial de la bahia': 1}",4,"{'Historica y del caribe norte': 1, 'De la virgen y turistica': 2, 'Industrial de la bahia': 1}",{}
158,25244,1030,28,5,997,18126,0.3029126213592233,"{'Historica y del caribe norte': [8624, 0, 0, 311, 17, 0, 8, 0, 6, 3, 0, 3, 3273, 0, 47], 'Industrial de la bahia': [9386, 0, 0, 509, 28, 0, 13, 0, 10, 2, 0, 2, 6606, 0, 83], 'De la virgen y turistica': [7234, 0, 0, 177, 15, 0, 7, 0, 6, 0, 0, 0, 8247, 0, 144]}","[6912, 0, 0, 0, 0, 0, 0, 0, 0, 0, 0, 0, 176, 0, 0]","[6577, 0, 0, 25, 1, 0, 0, 0, 0, 0, 0, 0, 670, 0, 1]","[4925, 0, 0, 506, 34, 0, 8, 0, 7, 0, 0, 0, 9223, 0, 50]","[3446, 0, 0, 362, 19, 0, 11, 0, 8, 2, 0, 2, 6221, 0, 145]","[3384, 0, 0, 104, 6, 0, 9, 0, 7, 3, 0, 3, 1836, 0, 78]","[20265, 475, 22, 4, 9086]","[0, 0, 0, 0, 0]",44400,158,1.615135135135135,1.0844594594594594,0.7611711711711712,4.929337365960957,3.309733296673082,2.3230684630189717,60,301,6,67,5,0,0,"{'Historica y del caribe norte': 0.00278255176364678, 'De la virgen y turistica': 0.007341206511330993, 'Industrial de la bahia': 0.004056672317752482}",0.004864207539521687,"{'Historica y del caribe norte': 0.017543859649122806, 'De la virgen y turistica': 0.025974025974025976, 'Industrial de la bahia': 0.010416666666666666}",0.019543973941368076,6,"{'Historica y del caribe norte': 1, 'De la virgen y turistica': 4, 'Industrial de la bahia': 1}",4,"{'Historica y del caribe norte': 1, 'De la virgen y turistica': 2, 'Industrial de la bahia': 1}",{}
159,25215,981,28,5,948,18204,0.28644240570846075,"{'Historica y del caribe norte': [8614, 0, 0, 298, 14, 0, 7, 0, 5, 3, 0, 3, 3297, 0, 48], 'Industrial de la bahia': [9370, 0, 0, 488, 16, 0, 14, 0, 12, 2, 0, 2, 6642, 0, 83], 'De la virgen y turistica': [7231, 0, 0, 162, 5, 0, 7, 0, 6, 0, 0, 0, 8265, 0, 144]}","[6912, 0, 0, 0, 0, 0, 0, 0, 0, 0, 0, 0, 176, 0, 0]","[6576, 0, 0, 24, 1, 0, 0, 0, 0, 0, 0, 0, 672, 0, 1]","[4912, 0, 0, 482, 18, 0, 9, 0, 8, 0, 0, 0, 9259, 0, 50]","[3435, 0, 0, 346, 12, 0, 10, 0, 7, 2, 0, 2, 6249, 0, 146]","[3380, 0, 0, 96, 4, 0, 9, 0, 8, 3, 0, 3, 1848, 0, 78]","[21220, 533, 15, 4, 10805]","[0, 0, 0, 0, 0]",44400,159,1.0856081081081081,0.7260585585585586,0.5606981981981982,4.076884039583862,2.7266345259240463,2.105641546138882,35,303,5,67,5,0,0,"{'Historica y del caribe norte': 0.00278255176364678, 'De la virgen y turistica': 0.007341206511330993, 'Industrial de la bahia': 0.004117219665778639}",0.004886727018871323,"{'Historica y del caribe norte': 0.017543859649122806, 'De la virgen y turistica': 0.025974025974025976, 'Industrial de la bahia': 0.01020408163265306}",0.019417475728155338,6,"{'Historica y del caribe norte': 1, 'De la virgen y turistica': 4, 'Industrial de la bahia': 1}",4,"{'Historica y del caribe norte': 1, 'De la virgen y turistica': 2, 'Industrial de la bahia': 1}",{}
160,25130,970,29,5,936,18300,0.30927835051546393,"{'Historica y del caribe norte': [8584, 0, 0, 298, 18, 0, 8, 0, 5, 2, 0, 2, 3327, 0, 49], 'Industrial de la bahia': [9330, 0, 0, 472, 31, 0, 15, 0, 11, 3, 0, 3, 6696, 0, 83], 'De la virgen y turistica': [7216, 0, 0, 166, 13, 0, 6, 0, 5, 0, 0, 0, 8277, 0, 145]}","[6912, 0, 0, 0, 0, 0, 0, 0, 0, 0, 0, 0, 176, 0, 0]","[6575, 0, 0, 23, 0, 0, 0, 0, 0, 0, 0, 0, 674, 0, 1]","[4869, 0, 0, 478, 33, 0, 8, 0, 7, 0, 0, 0, 9307, 0, 51]","[3409, 0, 0, 333, 16, 0, 12, 0, 7, 2, 0, 2, 6286, 0, 146]","[3365, 0, 0, 102, 13, 0, 9, 0, 7, 3, 0, 3, 1857, 0, 79]","[18982, 311, 10, 4, 6840]","[0, 0, 0, 0, 0]",44400,160,2.474864864864865,1.6933333333333334,1.0613288288288287,6.020051498383827,4.118994137949926,2.581657809675122,62,303,8,67,5,0,0,"{'Historica y del caribe norte': 0.00278255176364678, 'De la virgen y turistica': 0.007341206511330993, 'Industrial de la bahia': 0.004117219665778639}",0.004886727018871323,"{'Historica y del caribe norte': 0.017543859649122806, 'De la virgen y turistica': 0.025974025974025976, 'Industrial de la bahia': 0.01020408163265306}",0.019417475728155338,6,"{'Historica y del caribe norte': 1, 'De la virgen y turistica': 4, 'Industrial de la bahia': 1}",4,"{'Historica y del caribe norte': 1, 'De la virgen y turistica': 2, 'Industrial de la bahia': 1}",{}
161,25101,922,28,4,890,18377,0.29067245119305857,"{'Historica y del caribe norte': [8576, 0, 0, 277, 22, 0, 8, 0, 6, 2, 0, 2, 3356, 0, 49], 'Industrial de la bahia': [9317, 0, 0, 448, 23, 0, 13, 0, 10, 2, 0, 2, 6736, 0, 86], 'De la virgen y turistica': [7208, 0, 0, 165, 8, 0, 7, 0, 6, 0, 0, 0, 8285, 0, 145]}","[6912, 0, 0, 0, 0, 0, 0, 0, 0, 0, 0, 0, 176, 0, 0]","[6573, 0, 0, 24, 2, 0, 0, 0, 0, 0, 0, 0, 675, 0, 1]","[4851, 0, 0, 460, 26, 0, 7, 0, 6, 0, 0, 0, 9344, 0, 52]","[3401, 0, 0, 308, 22, 0, 13, 0, 10, 1, 0, 1, 6319, 0, 147]","[3364, 0, 0, 98, 3, 0, 8, 0, 6, 3, 0, 3, 1863, 0, 80]","[20909, 468, 19, 1, 10504]","[0, 0, 0, 0, 0]",44400,161,1.1857432432432433,0.8035135135135135,0.6141441441441442,4.212096967757421,2.854308344667573,2.181614529162333,53,306,6,67,5,0,0,"{'Historica y del caribe norte': 0.0028643915214010968, 'De la virgen y turistica': 0.007405043089690392, 'Industrial de la bahia': 0.004177767013804796}",0.004954285456920236,"{'Historica y del caribe norte': 0.017241379310344827, 'De la virgen y turistica': 0.025806451612903226, 'Industrial de la bahia': 0.010101010101010102}",0.019230769230769232,6,"{'Historica y del caribe norte': 1, 'De la virgen y turistica': 4, 'Industrial de la bahia': 1}",4,"{'Historica y del caribe norte': 1, 'De la virgen y turistica': 2, 'Industrial de la bahia': 1}",{}
162,25041,903,28,3,872,18456,0.2768549280177187,"{'Historica y del caribe norte': [8553, 0, 0, 286, 13, 0, 7, 0, 6, 1, 0, 1, 3372, 0, 51], 'Industrial de la bahia': [9292, 0, 0, 426, 18, 0, 14, 0, 10, 2, 0, 2, 6782, 0, 86], 'De la virgen y turistica': [7196, 0, 0, 160, 8, 0, 7, 0, 6, 0, 0, 0, 8302, 0, 145]}","[6912, 0, 0, 0, 0, 0, 0, 0, 0, 0, 0, 0, 176, 0, 0]","[6571, 0, 0, 24, 3, 0, 0, 0, 0, 0, 0, 0, 677, 0, 1]","[4821, 0, 0, 453, 23, 0, 7, 0, 6, 0, 0, 0, 9381, 0, 52]","[3381, 0, 0, 297, 9, 0, 13, 0, 9, 1, 0, 1, 6350, 0, 148]","[3356, 0, 0, 98, 4, 0, 8, 0, 7, 2, 0, 2, 1872, 0, 81]","[18845, 297, 12, 0, 6721]","[0, 0, 0, 0, 0]",44400,162,2.5558558558558557,1.7446396396396397,1.088536036036036,6.125775978407558,4.181484480431849,2.608960863697706,39,307,6,67,5,0,0,"{'Historica y del caribe norte': 0.0028643915214010968, 'De la virgen y turistica': 0.007405043089690392, 'Industrial de la bahia': 0.004177767013804796}",0.004954285456920236,"{'Historica y del caribe norte': 0.01694915254237288, 'De la virgen y turistica': 0.025806451612903226, 'Industrial de la bahia': 0.010101010101010102}",0.019169329073482427,6,"{'Historica y del caribe norte': 1, 'De la virgen y turistica': 4, 'Industrial de la bahia': 1}",4,"{'Historica y del caribe norte': 1, 'De la virgen y turistica': 2, 'Industrial de la bahia': 1}",{}
163,24984,890,26,4,860,18526,0.28876404494382024,"{'Historica y del caribe norte': [8534, 0, 0, 283, 22, 0, 6, 0, 4, 2, 0, 2, 3394, 0, 52], 'Industrial de la bahia': [9266, 0, 0, 423, 26, 0, 14, 0, 11, 2, 0, 2, 6811, 0, 86], 'De la virgen y turistica': [7184, 0, 0, 154, 16, 0, 6, 0, 5, 0, 0, 0, 8321, 0, 146]}","[6912, 0, 0, 0, 0, 0, 0, 0, 0, 0, 0, 0, 176, 0, 0]","[6569, 0, 0, 24, 1, 0, 0, 0, 0, 0, 0, 0, 679, 0, 1]","[4786, 0, 0, 456, 34, 0, 6, 0, 6, 0, 0, 0, 9414, 0, 53]","[3365, 0, 0, 284, 21, 0, 13, 0, 8, 1, 0, 1, 6379, 0, 149]","[3352, 0, 0, 96, 8, 0, 7, 0, 6, 3, 0, 3, 1878, 0, 81]","[18921, 287, 10, 2, 6839]","[0, 0, 0, 0, 0]",44400,163,2.526283783783784,1.714009009009009,1.0726126126126125,6.1156425494793085,4.149283027097759,2.5965868818494084,64,308,6,67,5,0,0,"{'Historica y del caribe norte': 0.0028643915214010968, 'De la virgen y turistica': 0.007405043089690392, 'Industrial de la bahia': 0.0042383143618309515}",0.004976804936269874,"{'Historica y del caribe norte': 0.01694915254237288, 'De la virgen y turistica': 0.025806451612903226, 'Industrial de la bahia': 0.01}",0.01910828025477707,6,"{'Historica y del caribe norte': 1, 'De la virgen y turistica': 4, 'Industrial de la bahia': 1}",4,"{'Historica y del caribe norte': 1, 'De la virgen y turistica': 2, 'Industrial de la bahia': 1}",{}
164,24921,868,28,3,837,18611,0.30069124423963134,"{'Historica y del caribe norte': [8515, 0, 0, 267, 16, 0, 7, 0, 5, 2, 0, 2, 3428, 0, 52], 'Industrial de la bahia': [9235, 0, 0, 412, 26, 0, 15, 0, 13, 1, 0, 1, 6853, 0, 87], 'De la virgen y turistica': [7171, 0, 0, 158, 9, 0, 6, 0, 5, 0, 0, 0, 8330, 0, 146]}","[6912, 0, 0, 0, 0, 0, 0, 0, 0, 0, 0, 0, 176, 0, 0]","[6568, 0, 0, 20, 2, 0, 0, 0, 0, 0, 0, 0, 684, 0, 1]","[4749, 0, 0, 451, 31, 0, 7, 0, 6, 0, 0, 0, 9455, 0, 53]","[3349, 0, 0, 273, 12, 0, 14, 0, 10, 0, 0, 0, 6406, 0, 150]","[3343, 0, 0, 93, 6, 0, 7, 0, 7, 3, 0, 3, 1890, 0, 81]","[18914, 290, 13, 2, 6911]","[0, 0, 0, 0, 0]",44400,164,2.4986711711711713,1.698400900900901,1.0608783783783784,6.072304324028462,4.127476737821565,2.5781609195402297,51,311,5,67,5,0,0,"{'Historica y del caribe norte': 0.0028643915214010968, 'De la virgen y turistica': 0.007405043089690392, 'Industrial de la bahia': 0.004359409057883265}",0.005021843894969148,"{'Historica y del caribe norte': 0.016666666666666666, 'De la virgen y turistica': 0.025806451612903226, 'Industrial de la bahia': 0.00980392156862745}",0.01892744479495268,6,"{'Historica y del caribe norte': 1, 'De la virgen y turistica': 4, 'Industrial de la bahia': 1}",4,"{'Historica y del caribe norte': 1, 'De la virgen y turistica': 2, 'Industrial de la bahia': 1}",{}
165,24860,873,29,3,841,18667,0.31958762886597936,"{'Historica y del caribe norte': [8488, 0, 0, 282, 20, 0, 7, 0, 5, 2, 0, 2, 3440, 0, 52], 'Industrial de la bahia': [9215, 0, 0, 395, 34, 0, 16, 0, 13, 1, 0, 1, 6889, 0, 87], 'De la virgen y turistica': [7157, 0, 0, 164, 14, 0, 6, 0, 6, 0, 0, 0, 8338, 0, 146]}","[6912, 0, 0, 0, 0, 0, 0, 0, 0, 0, 0, 0, 176, 0, 0]","[6566, 0, 0, 22, 1, 0, 0, 0, 0, 0, 0, 0, 684, 0, 1]","[4711, 0, 0, 455, 40, 0, 8, 0, 6, 0, 0, 0, 9488, 0, 53]","[3331, 0, 0, 272, 20, 0, 14, 0, 11, 0, 0, 0, 6425, 0, 150]","[3340, 0, 0, 92, 7, 0, 7, 0, 7, 3, 0, 3, 1894, 0, 81]","[18881, 281, 14, 1, 6915]","[0, 0, 0, 0, 0]",44400,165,2.5213513513513512,1.7107657657657658,1.0602927927927928,6.114703954555385,4.148896657199039,2.5713895564780422,68,312,5,67,5,0,0,"{'Historica y del caribe norte': 0.0028643915214010968, 'De la virgen y turistica': 0.007468879668049793, 'Industrial de la bahia': 0.004359409057883265}",0.005044363374318786,"{'Historica y del caribe norte': 0.016666666666666666, 'De la virgen y turistica': 0.02564102564102564, 'Industrial de la bahia': 0.00980392156862745}",0.018867924528301886,6,"{'Historica y del caribe norte': 1, 'De la virgen y turistica': 4, 'Industrial de la bahia': 1}",4,"{'Historica y del caribe norte': 1, 'De la virgen y turistica': 2, 'Industrial de la bahia': 1}",{}
166,24817,852,30,3,819,18731,0.3227699530516432,"{'Historica y del caribe norte': [8473, 0, 0, 282, 28, 0, 7, 0, 4, 2, 0, 2, 3455, 0, 53], 'Industrial de la bahia': [9197, 0, 0, 375, 14, 0, 16, 0, 14, 1, 0, 1, 6927, 0, 87], 'De la virgen y turistica': [7147, 0, 0, 162, 14, 0, 7, 0, 6, 0, 0, 0, 8349, 0, 146]}","[6912, 0, 0, 0, 0, 0, 0, 0, 0, 0, 0, 0, 176, 0, 0]","[6566, 0, 0, 22, 1, 0, 0, 0, 0, 0, 0, 0, 684, 0, 1]","[4689, 0, 0, 441, 31, 0, 9, 0, 6, 0, 0, 0, 9523, 0, 53]","[3313, 0, 0, 269, 23, 0, 15, 0, 12, 0, 0, 0, 6445, 0, 150]","[3337, 0, 0, 87, 1, 0, 6, 0, 6, 3, 0, 3, 1903, 0, 82]","[18676, 258, 8, 0, 6605]","[0, 0, 0, 0, 0]",44400,166,2.658063063063063,1.8032882882882884,1.0957657657657658,6.259905585317987,4.2468572640959,2.5805972524266694,56,313,6,67,5,0,0,"{'Historica y del caribe norte': 0.0028643915214010968, 'De la virgen y turistica': 0.007468879668049793, 'Industrial de la bahia': 0.004419956405909422}",0.005066882853668423,"{'Historica y del caribe norte': 0.016666666666666666, 'De la virgen y turistica': 0.02564102564102564, 'Industrial de la bahia': 0.009708737864077669}",0.018808777429467086,6,"{'Historica y del caribe norte': 1, 'De la virgen y turistica': 4, 'Industrial de la bahia': 1}",4,"{'Historica y del caribe norte': 1, 'De la virgen y turistica': 2, 'Industrial de la bahia': 1}",{}
167,24768,840,29,4,807,18792,0.3238095238095238,"{'Historica y del caribe norte': [8454, 0, 0, 282, 15, 0, 7, 0, 4, 2, 0, 2, 3474, 0, 54], 'Industrial de la bahia': [9173, 0, 0, 367, 19, 0, 15, 0, 11, 2, 0, 2, 6959, 0, 89], 'De la virgen y turistica': [7141, 0, 0, 158, 6, 0, 7, 0, 6, 0, 0, 0, 8359, 0, 146]}","[6912, 0, 0, 0, 0, 0, 0, 0, 0, 0, 0, 0, 176, 0, 0]","[6566, 0, 0, 17, 0, 0, 0, 0, 0, 0, 0, 0, 689, 0, 1]","[4665, 0, 0, 428, 24, 0, 9, 0, 5, 0, 0, 0, 9560, 0, 54]","[3296, 0, 0, 272, 12, 0, 14, 0, 11, 1, 0, 1, 6459, 0, 151]","[3329, 0, 0, 90, 4, 0, 6, 0, 5, 3, 0, 3, 1908, 0, 83]","[18588, 252, 8, 1, 6600]","[0, 0, 0, 0, 0]",44400,167,2.682297297297297,1.8267117117117118,1.118198198198198,6.284312173500079,4.279774154398185,2.6198089810564085,40,314,8,67,5,0,0,"{'Historica y del caribe norte': 0.0029462312791554137, 'De la virgen y turistica': 0.007468879668049793, 'Industrial de la bahia': 0.004419956405909422}",0.005089402333018061,"{'Historica y del caribe norte': 0.01639344262295082, 'De la virgen y turistica': 0.02564102564102564, 'Industrial de la bahia': 0.009708737864077669}",0.01875,6,"{'Historica y del caribe norte': 1, 'De la virgen y turistica': 4, 'Industrial de la bahia': 1}",4,"{'Historica y del caribe norte': 1, 'De la virgen y turistica': 2, 'Industrial de la bahia': 1}",{}
168,24742,795,27,4,764,18863,0.3169811320754717,"{'Historica y del caribe norte': [8446, 0, 0, 262, 15, 0, 8, 0, 5, 2, 0, 2, 3501, 0, 54], 'Industrial de la bahia': [9160, 0, 0, 351, 18, 0, 14, 0, 11, 2, 0, 2, 6989, 0, 90], 'De la virgen y turistica': [7136, 0, 0, 151, 6, 0, 5, 0, 4, 0, 0, 0, 8373, 0, 148]}","[6912, 0, 0, 0, 0, 0, 0, 0, 0, 0, 0, 0, 176, 0, 0]","[6565, 0, 0, 17, 1, 0, 0, 0, 0, 0, 0, 0, 690, 0, 1]","[4654, 0, 0, 407, 16, 0, 8, 0, 5, 0, 0, 0, 9593, 0, 55]","[3284, 0, 0, 256, 14, 0, 15, 0, 12, 1, 0, 1, 6486, 0, 151]","[3327, 0, 0, 84, 8, 0, 4, 0, 3, 3, 0, 3, 1918, 0, 85]","[20332, 394, 21, 1, 10135]","[0, 0, 0, 0, 0]",44400,168,1.3904054054054054,0.9395270270270271,0.671509009009009,4.567137678478953,3.0861137826440777,2.2057409188429387,39,316,7,67,5,0,0,"{'Historica y del caribe norte': 0.0030280710369097307, 'De la virgen y turistica': 0.007468879668049793, 'Industrial de la bahia': 0.004480503753935577}",0.005134441291717335,"{'Historica y del caribe norte': 0.016129032258064516, 'De la virgen y turistica': 0.02564102564102564, 'Industrial de la bahia': 0.009615384615384616}",0.018633540372670808,6,"{'Historica y del caribe norte': 1, 'De la virgen y turistica': 4, 'Industrial de la bahia': 1}",4,"{'Historica y del caribe norte': 1, 'De la virgen y turistica': 2, 'Industrial de la bahia': 1}",{}
169,24692,780,30,4,746,18928,0.3230769230769231,"{'Historica y del caribe norte': [8421, 0, 0, 265, 14, 0, 9, 0, 5, 2, 0, 2, 3522, 0, 54], 'Industrial de la bahia': [9140, 0, 0, 341, 22, 0, 16, 0, 12, 2, 0, 2, 7017, 0, 90], 'De la virgen y turistica': [7131, 0, 0, 140, 7, 0, 5, 0, 3, 0, 0, 0, 8389, 0, 149]}","[6912, 0, 0, 0, 0, 0, 0, 0, 0, 0, 0, 0, 176, 0, 0]","[6563, 0, 0, 17, 1, 0, 0, 0, 0, 0, 0, 0, 692, 0, 1]","[4629, 0, 0, 394, 21, 0, 9, 0, 5, 0, 0, 0, 9630, 0, 56]","[3270, 0, 0, 248, 17, 0, 17, 0, 12, 1, 0, 1, 6506, 0, 151]","[3318, 0, 0, 87, 4, 0, 4, 0, 3, 3, 0, 3, 1924, 0, 85]","[18755, 258, 14, 1, 6975]","[0, 0, 0, 0, 0]",44400,169,2.5408783783783786,1.707882882882883,1.0652927927927929,6.1322498233407625,4.1218676958199705,2.571017013643529,43,317,10,67,5,0,0,"{'Historica y del caribe norte': 0.0030280710369097307, 'De la virgen y turistica': 0.007468879668049793, 'Industrial de la bahia': 0.004541051101961734}",0.005156960771066973,"{'Historica y del caribe norte': 0.016129032258064516, 'De la virgen y turistica': 0.02564102564102564, 'Industrial de la bahia': 0.009523809523809525}",0.018575851393188854,6,"{'Historica y del caribe norte': 1, 'De la virgen y turistica': 4, 'Industrial de la bahia': 1}",4,"{'Historica y del caribe norte': 1, 'De la virgen y turistica': 2, 'Industrial de la bahia': 1}",{}
170,24650,765,30,4,731,18985,0.3150326797385621,"{'Historica y del caribe norte': [8401, 0, 0, 268, 20, 0, 9, 0, 6, 2, 0, 2, 3539, 0, 54], 'Industrial de la bahia': [9128, 0, 0, 321, 14, 0, 16, 0, 11, 2, 0, 2, 7049, 0, 91], 'De la virgen y turistica': [7121, 0, 0, 142, 4, 0, 5, 0, 4, 0, 0, 0, 8397, 0, 149]}","[6912, 0, 0, 0, 0, 0, 0, 0, 0, 0, 0, 0, 176, 0, 0]","[6563, 0, 0, 17, 1, 0, 0, 0, 0, 0, 0, 0, 692, 0, 1]","[4610, 0, 0, 388, 20, 0, 9, 0, 6, 0, 0, 0, 9655, 0, 56]","[3252, 0, 0, 243, 10, 0, 16, 0, 12, 1, 0, 1, 6530, 0, 152]","[3313, 0, 0, 83, 7, 0, 5, 0, 3, 3, 0, 3, 1932, 0, 85]","[18658, 235, 11, 1, 6882]","[0, 0, 0, 0, 0]",44400,170,2.580765765765766,1.7619594594594594,1.0862837837837838,6.156234889593295,4.203030140224574,2.5912534250255197,38,319,9,67,5,0,0,"{'Historica y del caribe norte': 0.0031099107946640477, 'De la virgen y turistica': 0.007532716246409193, 'Industrial de la bahia': 0.004541051101961734}",0.005201999729766248,"{'Historica y del caribe norte': 0.015873015873015872, 'De la virgen y turistica': 0.025477707006369428, 'Industrial de la bahia': 0.009523809523809525}",0.018461538461538463,6,"{'Historica y del caribe norte': 1, 'De la virgen y turistica': 4, 'Industrial de la bahia': 1}",4,"{'Historica y del caribe norte': 1, 'De la virgen y turistica': 2, 'Industrial de la bahia': 1}",{}
171,24605,749,29,4,716,19046,0.3030707610146863,"{'Historica y del caribe norte': [8386, 0, 0, 261, 24, 0, 9, 0, 7, 2, 0, 2, 3561, 0, 54], 'Industrial de la bahia': [9108, 0, 0, 313, 13, 0, 16, 0, 13, 2, 0, 2, 7077, 0, 91], 'De la virgen y turistica': [7111, 0, 0, 142, 12, 0, 4, 0, 3, 0, 0, 0, 8408, 0, 150]}","[6912, 0, 0, 0, 0, 0, 0, 0, 0, 0, 0, 0, 176, 0, 0]","[6563, 0, 0, 15, 0, 0, 0, 0, 0, 0, 0, 0, 694, 0, 1]","[4582, 0, 0, 388, 25, 0, 9, 0, 7, 0, 0, 0, 9683, 0, 56]","[3239, 0, 0, 231, 18, 0, 15, 0, 12, 1, 0, 1, 6556, 0, 153]","[3309, 0, 0, 82, 6, 0, 5, 0, 4, 3, 0, 3, 1937, 0, 85]","[18752, 229, 14, 2, 6953]","[0, 0, 0, 0, 0]",44400,171,2.5569144144144142,1.7353603603603605,1.0667342342342343,6.153224932249323,4.176151761517615,2.56710027100271,49,322,6,67,5,0,0,"{'Historica y del caribe norte': 0.0031099107946640477, 'De la virgen y turistica': 0.007532716246409193, 'Industrial de la bahia': 0.004662145798014047}",0.005247038688465522,"{'Historica y del caribe norte': 0.015625, 'De la virgen y turistica': 0.025477707006369428, 'Industrial de la bahia': 0.009345794392523364}",0.018292682926829267,6,"{'Historica y del caribe norte': 1, 'De la virgen y turistica': 4, 'Industrial de la bahia': 1}",4,"{'Historica y del caribe norte': 1, 'De la virgen y turistica': 2, 'Industrial de la bahia': 1}",{}
172,24567,724,26,4,694,19109,0.2941988950276243,"{'Historica y del caribe norte': [8373, 0, 0, 257, 11, 0, 8, 0, 7, 2, 0, 2, 3579, 0, 55], 'Industrial de la bahia': [9093, 0, 0, 300, 19, 0, 14, 0, 11, 2, 0, 2, 7107, 0, 93], 'De la virgen y turistica': [7101, 0, 0, 137, 9, 0, 4, 0, 3, 0, 0, 0, 8423, 0, 150]}","[6912, 0, 0, 0, 0, 0, 0, 0, 0, 0, 0, 0, 176, 0, 0]","[6562, 0, 0, 15, 0, 0, 0, 0, 0, 0, 0, 0, 695, 0, 1]","[4560, 0, 0, 376, 23, 0, 8, 0, 6, 0, 0, 0, 9718, 0, 57]","[3228, 0, 0, 223, 13, 0, 14, 0, 12, 1, 0, 1, 6576, 0, 154]","[3305, 0, 0, 80, 3, 0, 4, 0, 3, 3, 0, 3, 1944, 0, 86]","[18741, 254, 9, 1, 6987]","[0, 0, 0, 0, 0]",44400,172,2.539954954954955,1.7096621621621622,1.0772747747747748,6.126358105171665,4.123696219035202,2.598381138635376,39,323,5,67,5,0,0,"{'Historica y del caribe norte': 0.0031917505524183647, 'De la virgen y turistica': 0.007532716246409193, 'Industrial de la bahia': 0.004662145798014047}",0.00526955816781516,"{'Historica y del caribe norte': 0.015384615384615385, 'De la virgen y turistica': 0.025477707006369428, 'Industrial de la bahia': 0.009345794392523364}",0.0182370820668693,6,"{'Historica y del caribe norte': 1, 'De la virgen y turistica': 4, 'Industrial de la bahia': 1}",4,"{'Historica y del caribe norte': 1, 'De la virgen y turistica': 2, 'Industrial de la bahia': 1}",{}
173,24529,726,25,4,697,19145,0.29476584022038566,"{'Historica y del caribe norte': [8352, 0, 0, 264, 18, 0, 8, 0, 8, 2, 0, 2, 3593, 0, 55], 'Industrial de la bahia': [9083, 0, 0, 294, 10, 0, 14, 0, 13, 2, 0, 2, 7123, 0, 93], 'De la virgen y turistica': [7094, 0, 0, 139, 9, 0, 3, 0, 3, 0, 0, 0, 8429, 0, 151]}","[6912, 0, 0, 0, 0, 0, 0, 0, 0, 0, 0, 0, 176, 0, 0]","[6562, 0, 0, 14, 1, 0, 0, 0, 0, 0, 0, 0, 696, 0, 1]","[4535, 0, 0, 383, 24, 0, 8, 0, 8, 0, 0, 0, 9736, 0, 57]","[3217, 0, 0, 222, 9, 0, 13, 0, 13, 1, 0, 1, 6589, 0, 155]","[3303, 0, 0, 78, 3, 0, 4, 0, 3, 3, 0, 3, 1948, 0, 86]","[18531, 210, 10, 1, 6663]","[0, 0, 0, 0, 0]",44400,173,2.7092117117117116,1.8305855855855855,1.108918918918919,6.336002106926521,4.28116934421912,2.5934158546220702,37,327,1,67,5,0,0,"{'Historica y del caribe norte': 0.003273590310172682, 'De la virgen y turistica': 0.007596552824768592, 'Industrial de la bahia': 0.00478324049406636}",0.0053596360852137094,"{'Historica y del caribe norte': 0.015151515151515152, 'De la virgen y turistica': 0.02531645569620253, 'Industrial de la bahia': 0.009174311926605505}",0.018018018018018018,6,"{'Historica y del caribe norte': 1, 'De la virgen y turistica': 4, 'Industrial de la bahia': 1}",4,"{'Historica y del caribe norte': 1, 'De la virgen y turistica': 2, 'Industrial de la bahia': 1}",{}
174,24478,713,23,4,686,19209,0.3225806451612903,"{'Historica y del caribe norte': [8330, 0, 0, 268, 20, 0, 8, 0, 8, 2, 0, 2, 3611, 0, 55], 'Industrial de la bahia': [9065, 0, 0, 281, 11, 0, 12, 0, 12, 2, 0, 2, 7156, 0, 95], 'De la virgen y turistica': [7083, 0, 0, 137, 11, 0, 3, 0, 3, 0, 0, 0, 8442, 0, 151]}","[6912, 0, 0, 0, 0, 0, 0, 0, 0, 0, 0, 0, 176, 0, 0]","[6562, 0, 0, 14, 0, 0, 0, 0, 0, 0, 0, 0, 696, 0, 1]","[4514, 0, 0, 371, 22, 0, 8, 0, 8, 0, 0, 0, 9769, 0, 57]","[3197, 0, 0, 226, 15, 0, 11, 0, 11, 1, 0, 1, 6607, 0, 157]","[3293, 0, 0, 75, 5, 0, 4, 0, 4, 3, 0, 3, 1961, 0, 86]","[18727, 242, 8, 1, 6894]","[0, 0, 0, 0, 0]",44400,174,2.5575,1.733355855855856,1.0931306306306305,6.128724093264249,4.153767271157167,2.6195487910189983,42,328,0,67,5,0,0,"{'Historica y del caribe norte': 0.003273590310172682, 'De la virgen y turistica': 0.007596552824768592, 'Industrial de la bahia': 0.00478324049406636}",0.0053596360852137094,"{'Historica y del caribe norte': 0.015151515151515152, 'De la virgen y turistica': 0.02531645569620253, 'Industrial de la bahia': 0.00909090909090909}",0.017964071856287425,6,"{'Historica y del caribe norte': 1, 'De la virgen y turistica': 4, 'Industrial de la bahia': 1}",4,"{'Historica y del caribe norte': 1, 'De la virgen y turistica': 2, 'Industrial de la bahia': 1}",{}
175,24457,678,21,3,654,19265,0.28466076696165193,"{'Historica y del caribe norte': [8323, 0, 0, 253, 14, 0, 8, 0, 8, 2, 0, 2, 3633, 0, 55], 'Industrial de la bahia': [9056, 0, 0, 267, 18, 0, 10, 0, 10, 1, 0, 1, 7182, 0, 98], 'De la virgen y turistica': [7078, 0, 0, 134, 8, 0, 3, 0, 3, 0, 0, 0, 8450, 0, 151]}","[6912, 0, 0, 0, 0, 0, 0, 0, 0, 0, 0, 0, 176, 0, 0]","[6559, 0, 0, 15, 2, 0, 0, 0, 0, 0, 0, 0, 698, 0, 1]","[4506, 0, 0, 353, 16, 0, 7, 0, 7, 0, 0, 0, 9796, 0, 58]","[3187, 0, 0, 214, 16, 0, 10, 0, 10, 1, 0, 1, 6630, 0, 158]","[3293, 0, 0, 72, 6, 0, 4, 0, 4, 2, 0, 2, 1965, 0, 87]","[20259, 326, 9, 1, 10353]","[0, 0, 0, 0, 0]",44400,175,1.384572072072072,0.937027027027027,0.683018018018018,4.56995242343146,3.0927743086529884,2.254385964912281,40,328,0,67,5,0,0,"{'Historica y del caribe norte': 0.003273590310172682, 'De la virgen y turistica': 0.007596552824768592, 'Industrial de la bahia': 0.00478324049406636}",0.0053596360852137094,"{'Historica y del caribe norte': 0.015151515151515152, 'De la virgen y turistica': 0.02531645569620253, 'Industrial de la bahia': 0.00909090909090909}",0.017964071856287425,6,"{'Historica y del caribe norte': 1, 'De la virgen y turistica': 4, 'Industrial de la bahia': 1}",4,"{'Historica y del caribe norte': 1, 'De la virgen y turistica': 2, 'Industrial de la bahia': 1}",{}
176,24404,690,19,3,668,19306,0.32028985507246377,"{'Historica y del caribe norte': [8304, 0, 0, 259, 10, 0, 8, 0, 8, 2, 0, 2, 3646, 0, 55], 'Industrial de la bahia': [9029, 0, 0, 276, 22, 0, 8, 0, 8, 1, 0, 1, 7202, 0, 100], 'De la virgen y turistica': [7071, 0, 0, 133, 2, 0, 3, 0, 3, 0, 0, 0, 8458, 0, 151]}","[6912, 0, 0, 0, 0, 0, 0, 0, 0, 0, 0, 0, 176, 0, 0]","[6558, 0, 0, 13, 2, 0, 0, 0, 0, 0, 0, 0, 701, 0, 1]","[4476, 0, 0, 360, 17, 0, 7, 0, 7, 0, 0, 0, 9819, 0, 58]","[3171, 0, 0, 221, 13, 0, 9, 0, 9, 1, 0, 1, 6640, 0, 159]","[3287, 0, 0, 74, 2, 0, 3, 0, 3, 2, 0, 2, 1970, 0, 88]","[18437, 213, 8, 0, 6785]","[0, 0, 0, 0, 0]",44400,176,2.652702702702703,1.8148198198198198,1.1137837837837838,6.21300838740307,4.25056707284908,2.60864060769109,34,328,0,67,5,0,0,"{'Historica y del caribe norte': 0.003273590310172682, 'De la virgen y turistica': 0.007596552824768592, 'Industrial de la bahia': 0.00478324049406636}",0.0053596360852137094,"{'Historica y del caribe norte': 0.015151515151515152, 'De la virgen y turistica': 0.02531645569620253, 'Industrial de la bahia': 0.00909090909090909}",0.017964071856287425,6,"{'Historica y del caribe norte': 1, 'De la virgen y turistica': 4, 'Industrial de la bahia': 1}",4,"{'Historica y del caribe norte': 1, 'De la virgen y turistica': 2, 'Industrial de la bahia': 1}",{}
177,24359,671,19,3,649,19370,0.3114754098360656,"{'Historica y del caribe norte': [8286, 0, 0, 255, 20, 0, 8, 0, 8, 2, 0, 2, 3668, 0, 55], 'Industrial de la bahia': [9010, 0, 0, 269, 19, 0, 8, 0, 8, 1, 0, 1, 7228, 0, 100], 'De la virgen y turistica': [7063, 0, 0, 125, 11, 0, 3, 0, 3, 0, 0, 0, 8474, 0, 151]}","[6912, 0, 0, 0, 0, 0, 0, 0, 0, 0, 0, 0, 176, 0, 0]","[6557, 0, 0, 13, 0, 0, 0, 0, 0, 0, 0, 0, 702, 0, 1]","[4456, 0, 0, 346, 28, 0, 7, 0, 7, 0, 0, 0, 9853, 0, 58]","[3156, 0, 0, 215, 14, 0, 9, 0, 9, 1, 0, 1, 6661, 0, 159]","[3278, 0, 0, 75, 8, 0, 3, 0, 3, 2, 0, 2, 1978, 0, 88]","[18618, 211, 10, 1, 6948]","[0, 0, 0, 0, 0]",44400,177,2.5804504504504506,1.7565765765765766,1.0888063063063063,6.155813453685794,4.190414786159467,2.597410272942188,50,328,0,67,5,0,0,"{'Historica y del caribe norte': 0.003273590310172682, 'De la virgen y turistica': 0.007596552824768592, 'Industrial de la bahia': 0.00478324049406636}",0.0053596360852137094,"{'Historica y del caribe norte': 0.015151515151515152, 'De la virgen y turistica': 0.02531645569620253, 'Industrial de la bahia': 0.00909090909090909}",0.017964071856287425,6,"{'Historica y del caribe norte': 1, 'De la virgen y turistica': 4, 'Industrial de la bahia': 1}",4,"{'Historica y del caribe norte': 1, 'De la virgen y turistica': 2, 'Industrial de la bahia': 1}",{}
178,24313,664,18,2,644,19423,0.3177710843373494,"{'Historica y del caribe norte': [8269, 0, 0, 256, 19, 0, 8, 0, 8, 1, 0, 1, 3685, 0, 56], 'Industrial de la bahia': [8990, 0, 0, 263, 22, 0, 7, 0, 7, 1, 0, 1, 7255, 0, 101], 'De la virgen y turistica': [7054, 0, 0, 125, 6, 0, 3, 0, 3, 0, 0, 0, 8483, 0, 151]}","[6912, 0, 0, 0, 0, 0, 0, 0, 0, 0, 0, 0, 176, 0, 0]","[6556, 0, 0, 12, 1, 0, 0, 0, 0, 0, 0, 0, 704, 0, 1]","[4436, 0, 0, 335, 21, 0, 6, 0, 6, 0, 0, 0, 9885, 0, 59]","[3137, 0, 0, 222, 17, 0, 9, 0, 9, 1, 0, 1, 6673, 0, 159]","[3272, 0, 0, 75, 8, 0, 3, 0, 3, 1, 0, 1, 1985, 0, 89]","[18586, 200, 3, 2, 6852]","[0, 0, 0, 0, 0]",44400,178,2.637747747747748,1.7908333333333333,1.0968018018018018,6.2438556272325,4.239110731993389,2.5962573972383645,47,328,0,67,5,0,0,"{'Historica y del caribe norte': 0.003273590310172682, 'De la virgen y turistica': 0.007596552824768592, 'Industrial de la bahia': 0.00478324049406636}",0.0053596360852137094,"{'Historica y del caribe norte': 0.015151515151515152, 'De la virgen y turistica': 0.02531645569620253, 'Industrial de la bahia': 0.00909090909090909}",0.017964071856287425,6,"{'Historica y del caribe norte': 1, 'De la virgen y turistica': 4, 'Industrial de la bahia': 1}",4,"{'Historica y del caribe norte': 1, 'De la virgen y turistica': 2, 'Industrial de la bahia': 1}",{}
179,24266,640,18,1,621,19494,0.3,"{'Historica y del caribe norte': [8245, 0, 0, 260, 18, 0, 7, 0, 7, 0, 0, 0, 3707, 0, 58], 'Industrial de la bahia': [8972, 0, 0, 246, 18, 0, 7, 0, 6, 1, 0, 1, 7290, 0, 102], 'De la virgen y turistica': [7049, 0, 0, 115, 11, 0, 4, 0, 3, 0, 0, 0, 8497, 0, 151]}","[6912, 0, 0, 0, 0, 0, 0, 0, 0, 0, 0, 0, 176, 0, 0]","[6556, 0, 0, 11, 1, 0, 0, 0, 0, 0, 0, 0, 705, 0, 1]","[4416, 0, 0, 315, 17, 0, 6, 0, 6, 0, 0, 0, 9925, 0, 59]","[3117, 0, 0, 220, 23, 0, 9, 0, 7, 1, 0, 1, 6695, 0, 161]","[3265, 0, 0, 75, 6, 0, 3, 0, 3, 0, 0, 0, 1993, 0, 90]","[18512, 181, 8, 1, 6919]","[0, 0, 0, 0, 0]",44400,179,2.6441216216216215,1.7884684684684684,1.1046396396396396,6.251610841897865,4.228553171095372,2.61174716438575,47,328,2,67,5,0,0,"{'Historica y del caribe norte': 0.003273590310172682, 'De la virgen y turistica': 0.007596552824768592, 'Industrial de la bahia': 0.00478324049406636}",0.0053596360852137094,"{'Historica y del caribe norte': 0.015151515151515152, 'De la virgen y turistica': 0.02531645569620253, 'Industrial de la bahia': 0.00909090909090909}",0.017964071856287425,6,"{'Historica y del caribe norte': 1, 'De la virgen y turistica': 4, 'Industrial de la bahia': 1}",4,"{'Historica y del caribe norte': 1, 'De la virgen y turistica': 2, 'Industrial de la bahia': 1}",{}
180,24221,629,16,1,612,19550,0.28298887122416533,"{'Historica y del caribe norte': [8221, 0, 0, 256, 26, 0, 5, 0, 5, 0, 0, 0, 3737, 0, 60], 'Industrial de la bahia': [8959, 0, 0, 246, 14, 0, 7, 0, 6, 1, 0, 1, 7303, 0, 102], 'De la virgen y turistica': [7041, 0, 0, 110, 4, 0, 4, 0, 3, 0, 0, 0, 8510, 0, 151]}","[6912, 0, 0, 0, 0, 0, 0, 0, 0, 0, 0, 0, 176, 0, 0]","[6555, 0, 0, 11, 0, 0, 0, 0, 0, 0, 0, 0, 706, 0, 1]","[4393, 0, 0, 307, 21, 0, 6, 0, 6, 0, 0, 0, 9956, 0, 59]","[3101, 0, 0, 215, 15, 0, 7, 0, 5, 1, 0, 1, 6718, 0, 163]","[3260, 0, 0, 79, 8, 0, 3, 0, 3, 0, 0, 0, 1994, 0, 90]","[18278, 152, 4, 0, 6428]","[0, 0, 0, 0, 0]",44400,180,2.8501126126126124,1.9265315315315314,1.1723873873873873,6.476865595250281,4.378032551950046,2.6642440372607226,44,328,2,67,5,0,0,"{'Historica y del caribe norte': 0.003273590310172682, 'De la virgen y turistica': 0.007596552824768592, 'Industrial de la bahia': 0.00478324049406636}",0.0053596360852137094,"{'Historica y del caribe norte': 0.015151515151515152, 'De la virgen y turistica': 0.02531645569620253, 'Industrial de la bahia': 0.00909090909090909}",0.017964071856287425,6,"{'Historica y del caribe norte': 1, 'De la virgen y turistica': 4, 'Industrial de la bahia': 1}",4,"{'Historica y del caribe norte': 1, 'De la virgen y turistica': 2, 'Industrial de la bahia': 1}",{}
181,24188,621,15,1,605,19591,0.28502415458937197,"{'Historica y del caribe norte': [8203, 0, 0, 259, 25, 0, 4, 0, 4, 0, 0, 0, 3753, 0, 61], 'Industrial de la bahia': [8951, 0, 0, 235, 10, 0, 7, 0, 6, 1, 0, 1, 7322, 0, 102], 'De la virgen y turistica': [7034, 0, 0, 111, 9, 0, 4, 0, 3, 0, 0, 0, 8516, 0, 151]}","[6912, 0, 0, 0, 0, 0, 0, 0, 0, 0, 0, 0, 176, 0, 0]","[6554, 0, 0, 12, 2, 0, 0, 0, 0, 0, 0, 0, 706, 0, 1]","[4369, 0, 0, 307, 25, 0, 6, 0, 6, 0, 0, 0, 9980, 0, 59]","[3094, 0, 0, 210, 15, 0, 7, 0, 5, 1, 0, 1, 6730, 0, 163]","[3259, 0, 0, 76, 2, 0, 2, 0, 2, 0, 0, 0, 1999, 0, 91]","[18505, 185, 9, 1, 6752]","[0, 0, 0, 0, 0]",44400,181,2.673310810810811,1.8218693693693693,1.1009459459459459,6.264249525015833,4.269104918724931,2.5797973400886636,44,328,2,67,5,0,0,"{'Historica y del caribe norte': 0.003273590310172682, 'De la virgen y turistica': 0.007596552824768592, 'Industrial de la bahia': 0.00478324049406636}",0.0053596360852137094,"{'Historica y del caribe norte': 0.015151515151515152, 'De la virgen y turistica': 0.02531645569620253, 'Industrial de la bahia': 0.00909090909090909}",0.017964071856287425,6,"{'Historica y del caribe norte': 1, 'De la virgen y turistica': 4, 'Industrial de la bahia': 1}",4,"{'Historica y del caribe norte': 1, 'De la virgen y turistica': 2, 'Industrial de la bahia': 1}",{}
182,24170,600,15,1,584,19630,0.2833333333333333,"{'Historica y del caribe norte': [8195, 0, 0, 252, 7, 0, 4, 0, 4, 0, 0, 0, 3768, 0, 61], 'Industrial de la bahia': [8945, 0, 0, 223, 7, 0, 7, 0, 6, 1, 0, 1, 7340, 0, 102], 'De la virgen y turistica': [7030, 0, 0, 109, 5, 0, 4, 0, 3, 0, 0, 0, 8522, 0, 151]}","[6912, 0, 0, 0, 0, 0, 0, 0, 0, 0, 0, 0, 176, 0, 0]","[6554, 0, 0, 11, 0, 0, 0, 0, 0, 0, 0, 0, 707, 0, 1]","[4360, 0, 0, 300, 13, 0, 6, 0, 6, 0, 0, 0, 9996, 0, 59]","[3085, 0, 0, 205, 6, 0, 7, 0, 5, 1, 0, 1, 6744, 0, 163]","[3259, 0, 0, 68, 0, 0, 2, 0, 2, 0, 0, 0, 2007, 0, 91]","[19969, 292, 8, 0, 10325]","[0, 0, 0, 0, 0]",44400,182,1.4518468468468468,0.9782432432432432,0.7000675675675676,4.669129364044618,3.146023468057366,2.251412429378531,19,328,2,67,5,0,0,"{'Historica y del caribe norte': 0.003273590310172682, 'De la virgen y turistica': 0.007596552824768592, 'Industrial de la bahia': 0.00478324049406636}",0.0053596360852137094,"{'Historica y del caribe norte': 0.015151515151515152, 'De la virgen y turistica': 0.02531645569620253, 'Industrial de la bahia': 0.00909090909090909}",0.017964071856287425,6,"{'Historica y del caribe norte': 1, 'De la virgen y turistica': 4, 'Industrial de la bahia': 1}",4,"{'Historica y del caribe norte': 1, 'De la virgen y turistica': 2, 'Industrial de la bahia': 1}",{}
183,24145,580,13,1,566,19675,0.27413793103448275,"{'Historica y del caribe norte': [8188, 0, 0, 245, 9, 0, 4, 0, 4, 0, 0, 0, 3782, 0, 61], 'Industrial de la bahia': [8935, 0, 0, 211, 11, 0, 5, 0, 5, 1, 0, 1, 7364, 0, 104], 'De la virgen y turistica': [7022, 0, 0, 110, 6, 0, 4, 0, 4, 0, 0, 0, 8529, 0, 151]}","[6912, 0, 0, 0, 0, 0, 0, 0, 0, 0, 0, 0, 176, 0, 0]","[6554, 0, 0, 10, 0, 0, 0, 0, 0, 0, 0, 0, 708, 0, 1]","[4348, 0, 0, 291, 13, 0, 4, 0, 4, 0, 0, 0, 10019, 0, 61]","[3077, 0, 0, 196, 9, 0, 7, 0, 7, 1, 0, 1, 6761, 0, 163]","[3254, 0, 0, 69, 4, 0, 2, 0, 2, 0, 0, 0, 2011, 0, 91]","[19969, 289, 6, 0, 10303]","[0, 0, 0, 0, 0]",44400,183,1.473963963963964,0.981418918918919,0.7096171171171172,4.73100556639919,3.150075905443505,2.277669341429914,26,330,0,67,5,0,0,"{'Historica y del caribe norte': 0.003273590310172682, 'De la virgen y turistica': 0.007660389403127992, 'Industrial de la bahia': 0.004843787842092516}",0.005404675043912985,"{'Historica y del caribe norte': 0.015151515151515152, 'De la virgen y turistica': 0.025157232704402517, 'Industrial de la bahia': 0.009009009009009009}",0.017857142857142856,6,"{'Historica y del caribe norte': 1, 'De la virgen y turistica': 4, 'Industrial de la bahia': 1}",4,"{'Historica y del caribe norte': 1, 'De la virgen y turistica': 2, 'Industrial de la bahia': 1}",{}
184,24094,591,12,1,578,19715,0.2893401015228426,"{'Historica y del caribe norte': [8168, 0, 0, 245, 14, 0, 4, 0, 4, 0, 0, 0, 3802, 0, 61], 'Industrial de la bahia': [8919, 0, 0, 212, 11, 0, 5, 0, 4, 1, 0, 1, 7379, 0, 105], 'De la virgen y turistica': [7007, 0, 0, 121, 12, 0, 3, 0, 3, 0, 0, 0, 8534, 0, 152]}","[6912, 0, 0, 0, 0, 0, 0, 0, 0, 0, 0, 0, 176, 0, 0]","[6553, 0, 0, 10, 0, 0, 0, 0, 0, 0, 0, 0, 709, 0, 1]","[4321, 0, 0, 298, 18, 0, 4, 0, 4, 0, 0, 0, 10039, 0, 61]","[3059, 0, 0, 204, 16, 0, 6, 0, 6, 1, 0, 1, 6772, 0, 164]","[3249, 0, 0, 66, 3, 0, 2, 0, 1, 0, 0, 0, 2019, 0, 92]","[18009, 153, 4, 1, 6213]","[0, 0, 0, 0, 0]",44400,184,2.9400225225225225,2.0319594594594594,1.2190315315315314,6.52032967032967,4.506443556443556,2.7035464535464535,37,330,1,67,5,0,0,"{'Historica y del caribe norte': 0.003273590310172682, 'De la virgen y turistica': 0.007660389403127992, 'Industrial de la bahia': 0.004843787842092516}",0.005404675043912985,"{'Historica y del caribe norte': 0.015151515151515152, 'De la virgen y turistica': 0.025157232704402517, 'Industrial de la bahia': 0.009009009009009009}",0.017857142857142856,6,"{'Historica y del caribe norte': 1, 'De la virgen y turistica': 4, 'Industrial de la bahia': 1}",4,"{'Historica y del caribe norte': 1, 'De la virgen y turistica': 2, 'Industrial de la bahia': 1}",{}
185,24046,591,12,1,578,19763,0.29441624365482233,"{'Historica y del caribe norte': [8146, 0, 0, 243, 24, 0, 4, 0, 4, 0, 0, 0, 3826, 0, 61], 'Industrial de la bahia': [8907, 0, 0, 212, 15, 0, 5, 0, 4, 1, 0, 1, 7391, 0, 105], 'De la virgen y turistica': [6993, 0, 0, 123, 9, 0, 3, 0, 3, 0, 0, 0, 8546, 0, 152]}","[6912, 0, 0, 0, 0, 0, 0, 0, 0, 0, 0, 0, 176, 0, 0]","[6553, 0, 0, 10, 1, 0, 0, 0, 0, 0, 0, 0, 709, 0, 1]","[4299, 0, 0, 295, 25, 0, 4, 0, 4, 0, 0, 0, 10064, 0, 61]","[3039, 0, 0, 206, 15, 0, 6, 0, 6, 1, 0, 1, 6790, 0, 164]","[3243, 0, 0, 67, 7, 0, 2, 0, 1, 0, 0, 0, 2024, 0, 92]","[18081, 167, 2, 1, 6296]","[0, 0, 0, 0, 0]",44400,185,2.9173648648648647,1.9863963963963964,1.2116666666666667,6.524505112577444,4.442452022364378,2.709817156097315,48,330,1,67,5,0,0,"{'Historica y del caribe norte': 0.003273590310172682, 'De la virgen y turistica': 0.007660389403127992, 'Industrial de la bahia': 0.004843787842092516}",0.005404675043912985,"{'Historica y del caribe norte': 0.015151515151515152, 'De la virgen y turistica': 0.025157232704402517, 'Industrial de la bahia': 0.009009009009009009}",0.017857142857142856,6,"{'Historica y del caribe norte': 1, 'De la virgen y turistica': 4, 'Industrial de la bahia': 1}",4,"{'Historica y del caribe norte': 1, 'De la virgen y turistica': 2, 'Industrial de la bahia': 1}",{}
186,23998,597,10,0,587,19805,0.2981574539363484,"{'Historica y del caribe norte': [8119, 0, 0, 259, 21, 0, 3, 0, 3, 0, 0, 0, 3838, 0, 62], 'Industrial de la bahia': [8896, 0, 0, 204, 8, 0, 4, 0, 3, 0, 0, 0, 7412, 0, 107], 'De la virgen y turistica': [6983, 0, 0, 124, 14, 0, 3, 0, 3, 0, 0, 0, 8555, 0, 152]}","[6912, 0, 0, 0, 0, 0, 0, 0, 0, 0, 0, 0, 176, 0, 0]","[6551, 0, 0, 12, 1, 0, 0, 0, 0, 0, 0, 0, 709, 0, 1]","[4276, 0, 0, 295, 22, 0, 3, 0, 3, 0, 0, 0, 10088, 0, 62]","[3026, 0, 0, 206, 14, 0, 5, 0, 5, 0, 0, 0, 6805, 0, 166]","[3233, 0, 0, 74, 6, 0, 2, 0, 1, 0, 0, 0, 2027, 0, 92]","[18226, 176, 2, 0, 6555]","[0, 0, 0, 0, 0]",44400,186,2.8181081081081083,1.9099324324324325,1.1577027027027027,6.436088678565917,4.361966977007356,2.6439997942492672,43,330,1,67,5,0,0,"{'Historica y del caribe norte': 0.003273590310172682, 'De la virgen y turistica': 0.007660389403127992, 'Industrial de la bahia': 0.004843787842092516}",0.005404675043912985,"{'Historica y del caribe norte': 0.015151515151515152, 'De la virgen y turistica': 0.025157232704402517, 'Industrial de la bahia': 0.009009009009009009}",0.017857142857142856,6,"{'Historica y del caribe norte': 1, 'De la virgen y turistica': 4, 'Industrial de la bahia': 1}",4,"{'Historica y del caribe norte': 1, 'De la virgen y turistica': 2, 'Industrial de la bahia': 1}",{}
187,23955,603,11,0,592,19842,0.3018242122719735,"{'Historica y del caribe norte': [8093, 0, 0, 266, 25, 0, 4, 0, 3, 0, 0, 0, 3856, 0, 62], 'Industrial de la bahia': [8887, 0, 0, 203, 10, 0, 4, 0, 3, 0, 0, 0, 7422, 0, 107], 'De la virgen y turistica': [6975, 0, 0, 123, 11, 0, 3, 0, 3, 0, 0, 0, 8564, 0, 152]}","[6912, 0, 0, 0, 0, 0, 0, 0, 0, 0, 0, 0, 176, 0, 0]","[6551, 0, 0, 11, 1, 0, 0, 0, 0, 0, 0, 0, 710, 0, 1]","[4250, 0, 0, 296, 24, 0, 4, 0, 3, 0, 0, 0, 10112, 0, 62]","[3010, 0, 0, 213, 15, 0, 5, 0, 5, 0, 0, 0, 6814, 0, 166]","[3232, 0, 0, 72, 6, 0, 2, 0, 1, 0, 0, 0, 2030, 0, 92]","[17999, 168, 7, 0, 6024]","[0, 0, 0, 0, 0]",44400,187,3.0350450450450452,2.0612837837837836,1.2391216216216216,6.67042867042867,4.53029403029403,2.7233442233442235,46,330,2,67,5,0,0,"{'Historica y del caribe norte': 0.003273590310172682, 'De la virgen y turistica': 0.007660389403127992, 'Industrial de la bahia': 0.004843787842092516}",0.005404675043912985,"{'Historica y del caribe norte': 0.015151515151515152, 'De la virgen y turistica': 0.025157232704402517, 'Industrial de la bahia': 0.009009009009009009}",0.017857142857142856,6,"{'Historica y del caribe norte': 1, 'De la virgen y turistica': 4, 'Industrial de la bahia': 1}",4,"{'Historica y del caribe norte': 1, 'De la virgen y turistica': 2, 'Industrial de la bahia': 1}",{}
188,23927,589,10,0,579,19884,0.2937181663837012,"{'Historica y del caribe norte': [8078, 0, 0, 262, 23, 0, 4, 0, 3, 0, 0, 0, 3875, 0, 62], 'Industrial de la bahia': [8882, 0, 0, 197, 9, 0, 3, 0, 3, 0, 0, 0, 7434, 0, 108], 'De la virgen y turistica': [6967, 0, 0, 120, 7, 0, 3, 0, 3, 0, 0, 0, 8575, 0, 152]}","[6912, 0, 0, 0, 0, 0, 0, 0, 0, 0, 0, 0, 176, 0, 0]","[6551, 0, 0, 11, 0, 0, 0, 0, 0, 0, 0, 0, 710, 0, 1]","[4234, 0, 0, 291, 24, 0, 4, 0, 3, 0, 0, 0, 10133, 0, 62]","[2999, 0, 0, 209, 13, 0, 4, 0, 4, 0, 0, 0, 6830, 0, 167]","[3231, 0, 0, 68, 2, 0, 2, 0, 2, 0, 0, 0, 2035, 0, 92]","[19470, 233, 7, 0, 9652]","[0, 0, 0, 0, 0]",44400,188,1.7116216216216216,1.1518693693693693,0.7908108108108108,5.053597552866073,3.400917675222769,2.334884958106131,39,331,1,67,5,0,0,"{'Historica y del caribe norte': 0.003273590310172682, 'De la virgen y turistica': 0.007660389403127992, 'Industrial de la bahia': 0.004843787842092516}",0.005404675043912985,"{'Historica y del caribe norte': 0.015151515151515152, 'De la virgen y turistica': 0.025157232704402517, 'Industrial de la bahia': 0.008928571428571428}",0.017804154302670624,6,"{'Historica y del caribe norte': 1, 'De la virgen y turistica': 4, 'Industrial de la bahia': 1}",4,"{'Historica y del caribe norte': 1, 'De la virgen y turistica': 2, 'Industrial de la bahia': 1}",{}
189,23906,570,11,0,559,19924,0.28596491228070176,"{'Historica y del caribe norte': [8068, 0, 0, 258, 13, 0, 4, 0, 3, 0, 0, 0, 3889, 0, 62], 'Industrial de la bahia': [8877, 0, 0, 183, 6, 0, 4, 0, 3, 0, 0, 0, 7452, 0, 108], 'De la virgen y turistica': [6961, 0, 0, 118, 7, 0, 3, 0, 3, 0, 0, 0, 8583, 0, 152]}","[6912, 0, 0, 0, 0, 0, 0, 0, 0, 0, 0, 0, 176, 0, 0]","[6551, 0, 0, 9, 0, 0, 0, 0, 0, 0, 0, 0, 712, 0, 1]","[4225, 0, 0, 284, 12, 0, 4, 0, 3, 0, 0, 0, 10149, 0, 62]","[2992, 0, 0, 199, 11, 0, 5, 0, 4, 0, 0, 0, 6846, 0, 167]","[3226, 0, 0, 67, 3, 0, 2, 0, 2, 0, 0, 0, 2041, 0, 92]","[19619, 262, 4, 0, 10100]","[0, 0, 0, 0, 0]",44400,189,1.575518018018018,1.0734684684684686,0.7501351351351352,4.852792230315643,3.3064169268123482,2.3105098855359003,26,331,2,67,5,0,0,"{'Historica y del caribe norte': 0.003273590310172682, 'De la virgen y turistica': 0.007660389403127992, 'Industrial de la bahia': 0.004843787842092516}",0.005404675043912985,"{'Historica y del caribe norte': 0.015151515151515152, 'De la virgen y turistica': 0.025157232704402517, 'Industrial de la bahia': 0.008928571428571428}",0.017804154302670624,6,"{'Historica y del caribe norte': 1, 'De la virgen y turistica': 4, 'Industrial de la bahia': 1}",4,"{'Historica y del caribe norte': 1, 'De la virgen y turistica': 2, 'Industrial de la bahia': 1}",{}
190,23865,575,8,0,567,19960,0.3165217391304348,"{'Historica y del caribe norte': [8048, 0, 0, 268, 12, 0, 3, 0, 2, 0, 0, 0, 3900, 0, 63], 'Industrial de la bahia': [8866, 0, 0, 173, 7, 0, 4, 0, 3, 0, 0, 0, 7473, 0, 108], 'De la virgen y turistica': [6951, 0, 0, 126, 7, 0, 1, 0, 1, 0, 0, 0, 8587, 0, 154]}","[6912, 0, 0, 0, 0, 0, 0, 0, 0, 0, 0, 0, 176, 0, 0]","[6551, 0, 0, 7, 0, 0, 0, 0, 0, 0, 0, 0, 714, 0, 1]","[4207, 0, 0, 285, 12, 0, 2, 0, 1, 0, 0, 0, 10168, 0, 64]","[2975, 0, 0, 204, 10, 0, 5, 0, 4, 0, 0, 0, 6858, 0, 167]","[3220, 0, 0, 71, 4, 0, 1, 0, 1, 0, 0, 0, 2044, 0, 93]","[18011, 151, 2, 0, 6308]","[0, 0, 0, 0, 0]",44400,190,2.97777027027027,2.0162387387387386,1.2100675675675676,6.634534323564833,4.49222199919711,2.6960558008831796,26,331,2,67,5,0,0,"{'Historica y del caribe norte': 0.003273590310172682, 'De la virgen y turistica': 0.007660389403127992, 'Industrial de la bahia': 0.004843787842092516}",0.005404675043912985,"{'Historica y del caribe norte': 0.015151515151515152, 'De la virgen y turistica': 0.025157232704402517, 'Industrial de la bahia': 0.008928571428571428}",0.017804154302670624,6,"{'Historica y del caribe norte': 1, 'De la virgen y turistica': 4, 'Industrial de la bahia': 1}",4,"{'Historica y del caribe norte': 1, 'De la virgen y turistica': 2, 'Industrial de la bahia': 1}",{}
191,23825,564,7,0,557,20011,0.3191489361702128,"{'Historica y del caribe norte': [8023, 0, 0, 273, 23, 0, 2, 0, 2, 0, 0, 0, 3921, 0, 64], 'Industrial de la bahia': [8854, 0, 0, 166, 14, 0, 4, 0, 3, 0, 0, 0, 7492, 0, 108], 'De la virgen y turistica': [6948, 0, 0, 118, 9, 0, 1, 0, 1, 0, 0, 0, 8598, 0, 154]}","[6912, 0, 0, 0, 0, 0, 0, 0, 0, 0, 0, 0, 176, 0, 0]","[6551, 0, 0, 7, 0, 0, 0, 0, 0, 0, 0, 0, 714, 0, 1]","[4188, 0, 0, 276, 20, 0, 2, 0, 2, 0, 0, 0, 10196, 0, 64]","[2957, 0, 0, 208, 20, 0, 4, 0, 3, 0, 0, 0, 6873, 0, 168]","[3217, 0, 0, 66, 6, 0, 1, 0, 1, 0, 0, 0, 2052, 0, 93]","[17976, 153, 3, 0, 6309]","[0, 0, 0, 0, 0]",44400,191,2.9702252252252253,2.028873873873874,1.2098198198198198,6.607445262788717,4.513352372363345,2.691317200260534,46,332,1,67,5,0,0,"{'Historica y del caribe norte': 0.003355430067926999, 'De la virgen y turistica': 0.007660389403127992, 'Industrial de la bahia': 0.004843787842092516}",0.005427194523262622,"{'Historica y del caribe norte': 0.014925373134328358, 'De la virgen y turistica': 0.025157232704402517, 'Industrial de la bahia': 0.008928571428571428}",0.01775147928994083,6,"{'Historica y del caribe norte': 1, 'De la virgen y turistica': 4, 'Industrial de la bahia': 1}",4,"{'Historica y del caribe norte': 1, 'De la virgen y turistica': 2, 'Industrial de la bahia': 1}",{}
192,23796,545,7,0,538,20059,0.3119266055045872,"{'Historica y del caribe norte': [8007, 0, 0, 269, 21, 0, 3, 0, 2, 0, 0, 0, 3940, 0, 64], 'Industrial de la bahia': [8843, 0, 0, 155, 11, 0, 3, 0, 2, 0, 0, 0, 7515, 0, 109], 'De la virgen y turistica': [6946, 0, 0, 114, 2, 0, 1, 0, 1, 0, 0, 0, 8604, 0, 154]}","[6912, 0, 0, 0, 0, 0, 0, 0, 0, 0, 0, 0, 176, 0, 0]","[6551, 0, 0, 6, 0, 0, 0, 0, 0, 0, 0, 0, 715, 0, 1]","[4174, 0, 0, 269, 18, 0, 1, 0, 1, 0, 0, 0, 10218, 0, 65]","[2947, 0, 0, 200, 12, 0, 5, 0, 3, 0, 0, 0, 6890, 0, 168]","[3212, 0, 0, 63, 4, 0, 1, 0, 1, 0, 0, 0, 2060, 0, 93]","[18114, 168, 2, 0, 6423]","[0, 0, 0, 0, 0]",44400,192,2.9167117117117116,1.9511936936936938,1.1761261261261262,6.5760422485147005,4.399177372670492,2.651703651043518,34,332,2,67,5,0,0,"{'Historica y del caribe norte': 0.003355430067926999, 'De la virgen y turistica': 0.007660389403127992, 'Industrial de la bahia': 0.004843787842092516}",0.005427194523262622,"{'Historica y del caribe norte': 0.014925373134328358, 'De la virgen y turistica': 0.025157232704402517, 'Industrial de la bahia': 0.008928571428571428}",0.01775147928994083,6,"{'Historica y del caribe norte': 1, 'De la virgen y turistica': 4, 'Industrial de la bahia': 1}",4,"{'Historica y del caribe norte': 1, 'De la virgen y turistica': 2, 'Industrial de la bahia': 1}",{}
193,23752,543,8,0,535,20105,0.3278084714548803,"{'Historica y del caribe norte': [7986, 0, 0, 272, 18, 0, 4, 0, 2, 0, 0, 0, 3957, 0, 64], 'Industrial de la bahia': [8829, 0, 0, 151, 11, 0, 3, 0, 3, 0, 0, 0, 7533, 0, 109], 'De la virgen y turistica': [6937, 0, 0, 112, 6, 0, 1, 0, 1, 0, 0, 0, 8615, 0, 154]}","[6912, 0, 0, 0, 0, 0, 0, 0, 0, 0, 0, 0, 176, 0, 0]","[6551, 0, 0, 5, 0, 0, 0, 0, 0, 0, 0, 0, 716, 0, 1]","[4154, 0, 0, 272, 12, 0, 1, 0, 1, 0, 0, 0, 10235, 0, 65]","[2929, 0, 0, 195, 19, 0, 6, 0, 4, 0, 0, 0, 6912, 0, 168]","[3206, 0, 0, 63, 4, 0, 1, 0, 1, 0, 0, 0, 2066, 0, 93]","[18074, 138, 3, 0, 6400]","[0, 0, 0, 0, 0]",44400,193,2.9067342342342344,1.9927927927927929,1.2004504504504505,6.523073035127622,4.472074804144554,2.6939600707606774,35,333,2,67,5,0,0,"{'Historica y del caribe norte': 0.003355430067926999, 'De la virgen y turistica': 0.007660389403127992, 'Industrial de la bahia': 0.004904335190118673}",0.00544971400261226,"{'Historica y del caribe norte': 0.014925373134328358, 'De la virgen y turistica': 0.025157232704402517, 'Industrial de la bahia': 0.008849557522123894}",0.017699115044247787,6,"{'Historica y del caribe norte': 1, 'De la virgen y turistica': 4, 'Industrial de la bahia': 1}",4,"{'Historica y del caribe norte': 1, 'De la virgen y turistica': 2, 'Industrial de la bahia': 1}",{}
194,23724,528,9,0,519,20148,0.2916666666666667,"{'Historica y del caribe norte': [7965, 0, 0, 267, 20, 0, 5, 0, 2, 0, 0, 0, 3982, 0, 64], 'Industrial de la bahia': [8824, 0, 0, 142, 9, 0, 3, 0, 3, 0, 0, 0, 7547, 0, 109], 'De la virgen y turistica': [6935, 0, 0, 110, 6, 0, 1, 0, 1, 0, 0, 0, 8619, 0, 154]}","[6912, 0, 0, 0, 0, 0, 0, 0, 0, 0, 0, 0, 176, 0, 0]","[6550, 0, 0, 6, 0, 0, 0, 0, 0, 0, 0, 0, 716, 0, 1]","[4136, 0, 0, 269, 22, 0, 1, 0, 1, 0, 0, 0, 10256, 0, 65]","[2923, 0, 0, 186, 9, 0, 7, 0, 4, 0, 0, 0, 6926, 0, 168]","[3203, 0, 0, 58, 4, 0, 1, 0, 1, 0, 0, 0, 2074, 0, 93]","[18005, 117, 1, 0, 6200]","[0, 0, 0, 0, 0]",44400,194,3.025810810810811,2.043693693693694,1.221981981981982,6.691537580315784,4.519599541764208,2.7023957762613935,35,333,3,67,5,0,0,"{'Historica y del caribe norte': 0.003355430067926999, 'De la virgen y turistica': 0.007660389403127992, 'Industrial de la bahia': 0.004904335190118673}",0.00544971400261226,"{'Historica y del caribe norte': 0.014925373134328358, 'De la virgen y turistica': 0.025157232704402517, 'Industrial de la bahia': 0.008849557522123894}",0.017699115044247787,6,"{'Historica y del caribe norte': 1, 'De la virgen y turistica': 4, 'Industrial de la bahia': 1}",4,"{'Historica y del caribe norte': 1, 'De la virgen y turistica': 2, 'Industrial de la bahia': 1}",{}
195,23685,524,9,0,515,20191,0.2958015267175573,"{'Historica y del caribe norte': [7950, 0, 0, 258, 22, 0, 5, 0, 2, 0, 0, 0, 4006, 0, 64], 'Industrial de la bahia': [8804, 0, 0, 152, 11, 0, 3, 0, 3, 0, 0, 0, 7557, 0, 109], 'De la virgen y turistica': [6931, 0, 0, 105, 1, 0, 1, 0, 1, 0, 0, 0, 8628, 0, 154]}","[6912, 0, 0, 0, 0, 0, 0, 0, 0, 0, 0, 0, 176, 0, 0]","[6550, 0, 0, 4, 1, 0, 0, 0, 0, 0, 0, 0, 718, 0, 1]","[4117, 0, 0, 263, 18, 0, 1, 0, 1, 0, 0, 0, 10281, 0, 65]","[2908, 0, 0, 187, 10, 0, 7, 0, 4, 0, 0, 0, 6940, 0, 168]","[3198, 0, 0, 61, 5, 0, 1, 0, 1, 0, 0, 0, 2076, 0, 93]","[18090, 161, 4, 0, 6493]","[0, 0, 0, 0, 0]",44400,195,2.9124774774774775,1.9515765765765767,1.1794144144144145,6.580195399959291,4.409220435579076,2.6646651740280887,34,333,3,67,5,0,0,"{'Historica y del caribe norte': 0.003355430067926999, 'De la virgen y turistica': 0.007660389403127992, 'Industrial de la bahia': 0.004904335190118673}",0.00544971400261226,"{'Historica y del caribe norte': 0.014925373134328358, 'De la virgen y turistica': 0.025157232704402517, 'Industrial de la bahia': 0.008849557522123894}",0.017699115044247787,6,"{'Historica y del caribe norte': 1, 'De la virgen y turistica': 4, 'Industrial de la bahia': 1}",4,"{'Historica y del caribe norte': 1, 'De la virgen y turistica': 2, 'Industrial de la bahia': 1}",{}
196,23662,527,9,0,518,20211,0.3055028462998102,"{'Historica y del caribe norte': [7936, 0, 0, 265, 14, 0, 5, 0, 3, 0, 0, 0, 4013, 0, 64], 'Industrial de la bahia': [8797, 0, 0, 151, 14, 0, 4, 0, 3, 0, 0, 0, 7564, 0, 109], 'De la virgen y turistica': [6929, 0, 0, 102, 4, 0, 0, 0, 0, 0, 0, 0, 8634, 0, 155]}","[6912, 0, 0, 0, 0, 0, 0, 0, 0, 0, 0, 0, 176, 0, 0]","[6550, 0, 0, 4, 0, 0, 0, 0, 0, 0, 0, 0, 718, 0, 1]","[4107, 0, 0, 260, 14, 0, 1, 0, 1, 0, 0, 0, 10294, 0, 65]","[2901, 0, 0, 187, 12, 0, 7, 0, 4, 0, 0, 0, 6947, 0, 169]","[3192, 0, 0, 67, 6, 0, 1, 0, 1, 0, 0, 0, 2076, 0, 93]","[18631, 173, 3, 0, 8099]","[0, 0, 0, 0, 0]",44400,196,2.296936936936937,1.5545945945945947,0.980518018018018,5.8296558820166915,3.9455813421744597,2.488567508860181,32,334,3,67,5,0,0,"{'Historica y del caribe norte': 0.003437269825681316, 'De la virgen y turistica': 0.007660389403127992, 'Industrial de la bahia': 0.004904335190118673}",0.005472233481961897,"{'Historica y del caribe norte': 0.014705882352941176, 'De la virgen y turistica': 0.025157232704402517, 'Industrial de la bahia': 0.008849557522123894}",0.01764705882352941,6,"{'Historica y del caribe norte': 1, 'De la virgen y turistica': 4, 'Industrial de la bahia': 1}",4,"{'Historica y del caribe norte': 1, 'De la virgen y turistica': 2, 'Industrial de la bahia': 1}",{}
197,23630,533,8,0,525,20237,0.30956848030018763,"{'Historica y del caribe norte': [7919, 0, 0, 273, 11, 0, 4, 0, 3, 0, 0, 0, 4023, 0, 65], 'Industrial de la bahia': [8786, 0, 0, 152, 6, 0, 4, 0, 3, 0, 0, 0, 7574, 0, 109], 'De la virgen y turistica': [6925, 0, 0, 100, 3, 0, 0, 0, 0, 0, 0, 0, 8640, 0, 155]}","[6912, 0, 0, 0, 0, 0, 0, 0, 0, 0, 0, 0, 176, 0, 0]","[6547, 0, 0, 7, 1, 0, 0, 0, 0, 0, 0, 0, 718, 0, 1]","[4093, 0, 0, 261, 8, 0, 1, 0, 1, 0, 0, 0, 10307, 0, 65]","[2890, 0, 0, 190, 6, 0, 6, 0, 4, 0, 0, 0, 6956, 0, 170]","[3188, 0, 0, 67, 5, 0, 1, 0, 1, 0, 0, 0, 2080, 0, 93]","[17762, 141, 3, 0, 6081]","[0, 0, 0, 0, 0]",44400,197,3.08990990990991,2.103153153153153,1.2468468468468468,6.720815166805467,4.5745358350071035,2.7119972566501738,20,335,2,67,5,0,0,"{'Historica y del caribe norte': 0.003519109583435633, 'De la virgen y turistica': 0.007660389403127992, 'Industrial de la bahia': 0.004904335190118673}",0.005494752961311534,"{'Historica y del caribe norte': 0.014492753623188406, 'De la virgen y turistica': 0.025157232704402517, 'Industrial de la bahia': 0.008849557522123894}",0.017595307917888565,6,"{'Historica y del caribe norte': 1, 'De la virgen y turistica': 4, 'Industrial de la bahia': 1}",4,"{'Historica y del caribe norte': 1, 'De la virgen y turistica': 2, 'Industrial de la bahia': 1}",{}
198,23613,513,9,0,504,20274,0.28460038986354774,"{'Historica y del caribe norte': [7912, 0, 0, 266, 16, 0, 4, 0, 4, 0, 0, 0, 4037, 0, 65], 'Industrial de la bahia': [8780, 0, 0, 146, 16, 0, 5, 0, 3, 0, 0, 0, 7585, 0, 109], 'De la virgen y turistica': [6921, 0, 0, 92, 4, 0, 0, 0, 0, 0, 0, 0, 8652, 0, 155]}","[6912, 0, 0, 0, 0, 0, 0, 0, 0, 0, 0, 0, 176, 0, 0]","[6546, 0, 0, 8, 2, 0, 0, 0, 0, 0, 0, 0, 718, 0, 1]","[4085, 0, 0, 251, 18, 0, 1, 0, 1, 0, 0, 0, 10325, 0, 65]","[2882, 0, 0, 182, 14, 0, 6, 0, 5, 0, 0, 0, 6972, 0, 170]","[3188, 0, 0, 63, 2, 0, 2, 0, 1, 0, 0, 0, 2083, 0, 93]","[17845, 145, 2, 0, 6222]","[0, 0, 0, 0, 0]",44400,198,3.0201351351351353,2.060382882882883,1.2309009009009009,6.642920836223125,4.531903299316358,2.707420984840979,36,336,2,67,5,0,0,"{'Historica y del caribe norte': 0.00360094934118995, 'De la virgen y turistica': 0.007660389403127992, 'Industrial de la bahia': 0.004904335190118673}",0.005517272440661172,"{'Historica y del caribe norte': 0.014285714285714285, 'De la virgen y turistica': 0.025157232704402517, 'Industrial de la bahia': 0.008849557522123894}",0.017543859649122806,6,"{'Historica y del caribe norte': 1, 'De la virgen y turistica': 4, 'Industrial de la bahia': 1}",4,"{'Historica y del caribe norte': 1, 'De la virgen y turistica': 2, 'Industrial de la bahia': 1}",{}
199,23584,495,11,0,484,20321,0.298989898989899,"{'Historica y del caribe norte': [7899, 0, 0, 254, 10, 0, 5, 0, 4, 0, 0, 0, 4061, 0, 65], 'Industrial de la bahia': [8773, 0, 0, 139, 5, 0, 5, 0, 3, 0, 0, 0, 7599, 0, 109], 'De la virgen y turistica': [6912, 0, 0, 91, 4, 0, 1, 0, 0, 0, 0, 0, 8661, 0, 155]}","[6912, 0, 0, 0, 0, 0, 0, 0, 0, 0, 0, 0, 176, 0, 0]","[6545, 0, 0, 8, 2, 0, 0, 0, 0, 0, 0, 0, 719, 0, 1]","[4067, 0, 0, 244, 9, 0, 1, 0, 1, 0, 0, 0, 10350, 0, 65]","[2876, 0, 0, 173, 5, 0, 6, 0, 5, 0, 0, 0, 6987, 0, 170]","[3184, 0, 0, 59, 3, 0, 4, 0, 1, 0, 0, 0, 2089, 0, 93]","[17898, 122, 4, 0, 6244]","[0, 0, 0, 0, 0]",44400,199,3.010990990990991,2.064954954954955,1.2219594594594594,6.640572223326048,4.554142658454202,2.6949632425988477,19,336,4,67,5,0,0,"{'Historica y del caribe norte': 0.00360094934118995, 'De la virgen y turistica': 0.007660389403127992, 'Industrial de la bahia': 0.004904335190118673}",0.005517272440661172,"{'Historica y del caribe norte': 0.014285714285714285, 'De la virgen y turistica': 0.025157232704402517, 'Industrial de la bahia': 0.008849557522123894}",0.017543859649122806,6,"{'Historica y del caribe norte': 1, 'De la virgen y turistica': 4, 'Industrial de la bahia': 1}",4,"{'Historica y del caribe norte': 1, 'De la virgen y turistica': 2, 'Industrial de la bahia': 1}",{}
